time (s)	theta (A)	maj axis/z0	min axis/z0	crossing#mod 255
6787.253857	42.267765	-0.680192	0.111930	123
6789.274010	39.921864	-0.677578	0.110848	125
6791.306693	219.222458	0.667101	-0.106713	127
6793.349796	40.388462	-0.663003	0.104622	129
6795.395506	41.542835	-0.665049	0.105853	131
6797.435591	42.221352	-0.668413	0.107860	133
6799.468245	42.121716	-0.671500	0.107842	135
6801.503528	41.783463	-0.671532	0.107203	137
6803.539205	41.463882	-0.670771	0.106943	139
6805.575991	41.183331	-0.671326	0.107386	141
6807.608322	40.898838	-0.671520	0.106827	143
6809.633957	40.392372	-0.673454	0.105792	145
6811.658237	40.381851	-0.669682	0.105147	147
6813.691477	40.533604	-0.662273	0.108060	149
6815.739574	40.535278	-0.660259	0.110663	151
6817.785129	220.597916	0.667571	-0.108567	153
6819.816623	40.459511	-0.674875	0.104401	155
6821.837977	40.323425	-0.671754	0.103011	157
6823.868516	40.298203	-0.660819	0.105957	159
6825.915490	40.166218	-0.660365	0.106601	161
6827.961534	40.346470	-0.666023	0.104550	163
6829.998259	40.547977	-0.669100	0.102783	165
6832.028699	40.430340	-0.669731	0.102100	167
6834.058056	39.973484	-0.668778	0.101108	169
6836.088785	39.481846	-0.666181	0.100997	171
6838.122452	39.349281	-0.663352	0.100098	173
6840.156894	39.303047	-0.662669	0.099436	175
6842.193721	39.535263	-0.661408	0.099761	177
6844.233992	40.108280	-0.660629	0.100198	179
6846.275004	41.024914	-0.660729	0.101170	181
6848.312613	41.616039	-0.664394	0.103704	183
6850.342455	41.060089	-0.668466	0.104144	185
6852.367723	39.504330	-0.668588	0.103701	187
6854.396142	218.090500	0.663002	-0.100942	189
6856.435821	218.165039	0.656238	-0.097683	191
6858.482312	39.725849	-0.655034	0.096553	193
6860.525111	41.177670	-0.660295	0.099246	195
6862.556562	40.749851	-0.665210	0.100354	197
6864.583688	39.325565	-0.665207	0.100521	199
6866.611002	38.277508	-0.660911	0.099703	201
6868.642885	217.831268	0.658446	-0.098432	203
6870.678801	37.943813	-0.657597	0.097565	205
6872.715946	38.063549	-0.657983	0.096137	207
6874.752140	38.262486	-0.658409	0.096557	209
6876.786733	38.428658	-0.659001	0.097227	211
6878.819632	38.511215	-0.658088	0.096835	213
6880.853017	38.502106	-0.656478	0.095657	215
6882.886930	38.440216	-0.654036	0.096257	217
6884.925182	38.454765	-0.651480	0.097512	219
6886.966800	38.750210	-0.651930	0.097771	221
6889.010285	39.007389	-0.653486	0.097345	223
6891.053038	39.061241	-0.656388	0.096748	225
6893.087808	38.913284	-0.660154	0.095461	227
6895.112509	38.645733	-0.661588	0.094519	229
6897.138367	38.399090	-0.658171	0.094684	231
6899.168947	38.516422	-0.651593	0.096392	233
6901.207660	38.485733	-0.649431	0.097894	235
6903.250486	38.694054	-0.651302	0.098383	237
6905.292174	38.895977	-0.653595	0.098438	239
6907.331325	39.168072	-0.653839	0.099114	241
6909.367608	39.555187	-0.653206	0.099729	243
6911.403406	39.664257	-0.652842	0.099394	245
6913.438477	39.649063	-0.652034	0.099685	247
6915.475218	39.622429	-0.652835	0.100577	249
6917.509257	39.606239	-0.653198	0.100727	251
6919.544054	39.519501	-0.653026	0.101249	253
6921.575049	39.021931	-0.653693	0.102176	255
6923.604669	38.385216	-0.653587	0.102646	1
6925.633286	37.562370	-0.652119	0.102078	3
6927.662844	36.904682	-0.649273	0.100647	5
6929.698420	36.761742	-0.646723	0.098989	7
6931.740204	37.409847	-0.644938	0.098191	9
6933.783968	38.584648	-0.644591	0.098682	11
6935.825571	39.696423	-0.647850	0.100563	13
6937.860830	39.855606	-0.650178	0.101335	15
6939.891413	39.297497	-0.652318	0.100828	17
6941.921831	38.623116	-0.651424	0.100592	19
6943.952252	38.266285	-0.649154	0.100521	21
6945.983024	37.946152	-0.647502	0.100284	23
6948.016424	37.745895	-0.646596	0.100425	25
6950.050312	37.806541	-0.644122	0.102032	27
6952.086058	218.005402	0.642207	-0.103737	29
6954.123243	38.119408	-0.641877	0.104240	31
6956.162794	38.285732	-0.641756	0.104690	33
6958.201786	38.600140	-0.642022	0.105002	35
6960.240179	38.858425	-0.641910	0.105239	37
6962.279317	39.094883	-0.643364	0.104903	39
6964.316301	39.149734	-0.644877	0.103965	41
6966.348922	38.823051	-0.646106	0.102845	43
6968.376014	38.259510	-0.646066	0.102541	45
6970.402591	38.029816	-0.644000	0.102937	47
6972.431002	38.003384	-0.640079	0.104346	49
6974.465981	38.013481	-0.635559	0.106152	51
6976.504882	38.056889	-0.634104	0.107388	53
6978.546763	38.233265	-0.635767	0.107812	55
6980.584956	38.450993	-0.636804	0.108787	57
6982.621638	38.711578	-0.637051	0.108944	59
6984.656897	38.796345	-0.637253	0.108714	61
6986.692568	38.879406	-0.637760	0.109484	63
6988.727673	38.800507	-0.637439	0.109720	65
6990.761189	38.498840	-0.638063	0.109910	67
6992.792271	38.187405	-0.636297	0.110007	69
6994.823144	217.721848	0.635091	-0.110693	71
6996.854441	217.204239	0.633986	-0.110116	73
6998.889133	36.781738	-0.631872	0.109380	75
7000.927894	36.773540	-0.630200	0.108395	77
7002.969188	37.387051	-0.629421	0.107395	79
7005.011693	38.300098	-0.628630	0.107242	81
7007.052616	39.373608	-0.631441	0.107704	83
7009.089289	39.731693	-0.632338	0.108725	85
7011.122850	39.686935	-0.632420	0.110259	87
7013.153961	39.311142	-0.633644	0.110752	89
7015.186823	39.034248	-0.632878	0.111274	91
7017.219043	38.846275	-0.632018	0.111151	93
7019.253886	38.727306	-0.630430	0.112131	95
7021.288443	38.598473	-0.630566	0.111974	97
7023.326515	38.614380	-0.630260	0.112421	99
7025.364695	38.727570	-0.630356	0.112290	101
7027.401418	38.827278	-0.631255	0.112691	103
7029.439061	38.928360	-0.631614	0.112032	105
7031.474606	39.048416	-0.632245	0.112189	107
7033.507284	38.863060	-0.633159	0.111393	109
7035.537981	38.473347	-0.633679	0.110547	111
7037.566854	37.717434	-0.633338	0.110109	113
7039.595115	37.386997	-0.633666	0.109846	115
7041.624809	37.263306	-0.631060	0.110849	117
7043.658214	37.216450	-0.628569	0.112684	119
7045.694542	37.203045	-0.627917	0.113805	121
7047.733809	37.241112	-0.626768	0.113778	123
7049.772122	37.438530	-0.626981	0.113320	125
7051.807466	37.408150	-0.627136	0.113764	127
7053.843558	37.473030	-0.626826	0.114170	129
7055.877524	37.551521	-0.626931	0.113637	131
7057.911215	37.473801	-0.627545	0.113098	133
7059.944183	37.129230	-0.626835	0.112956	135
7061.975274	36.841156	-0.626117	0.113504	137
7064.009141	36.358250	-0.626072	0.112908	139
7066.044708	36.267429	-0.624790	0.111755	141
7068.084198	36.309711	-0.624012	0.109875	143
7070.124119	36.762482	-0.622820	0.110413	145
7072.166504	37.558010	-0.622651	0.111532	147
7074.207381	38.353138	-0.622513	0.112457	149
7076.245457	39.085194	-0.623080	0.113426	151
7078.282168	39.238091	-0.624802	0.112668	153
7080.316069	39.084114	-0.624886	0.112670	155
7082.350312	38.735565	-0.625777	0.112809	157
7084.384301	38.694836	-0.623899	0.112645	159
7086.417534	38.600731	-0.624026	0.111564	161
7088.452977	38.461048	-0.623214	0.111437	163
7090.487688	38.578663	-0.621905	0.111157	165
