time (s)	energy (uJ)	charge (mC)	voltage (mV)	crossing#mod 255
6789.504438	8.263225	1.885552	4.382391	124
6789.504438	8.263225	1.885552	4.382391	125
6790.534733	7.980611	1.912970	4.171843	126
6791.537226	8.527384	1.918226	4.445453	127
6792.563398	7.682038	1.880825	4.084399	128
6793.582552	7.985652	1.873870	4.261582	129
6794.585294	8.372497	1.901072	4.404092	130
6795.627088	8.352870	1.911730	4.369274	131
6796.615052	8.380728	1.891983	4.429600	132
6797.666000	7.960632	1.907465	4.173411	133
6798.649162	8.046037	1.800249	4.469403	134
6799.701338	7.217649	1.862787	3.874650	135
6800.684527	8.554946	1.887803	4.531694	136
6801.734255	7.491888	1.925404	3.891074	137
6802.720141	8.753416	1.932113	4.530490	138
6803.769634	7.527363	1.908429	3.944272	139
6804.754435	8.630061	1.905307	4.529485	140
6805.802485	7.985312	1.910741	4.179172	141
6806.789824	8.212330	1.878696	4.371294	142
6807.835654	8.303957	1.896005	4.379712	143
6808.830547	7.811159	1.851758	4.218239	144
6809.860866	7.964558	1.816491	4.384585	145
6810.875564	7.683657	1.895676	4.053254	146
6811.886791	8.518196	1.898667	4.486409	147
6812.918410	8.052231	1.920318	4.193175	148
6813.921405	8.299996	1.910623	4.344131	149
6814.947570	8.079690	1.843053	4.383862	150
6815.968564	7.920816	1.906360	4.154943	151
6816.966896	8.888161	1.912117	4.648335	152
6818.015621	7.705193	1.856577	4.150215	153
6818.999720	8.253775	1.889550	4.368116	154
6820.044515	8.424113	1.912022	4.405867	155
6821.048089	8.111086	1.918996	4.226734	156
6822.064065	8.857131	1.899716	4.662344	157
6823.096332	8.056328	1.870826	4.306295	158
6824.105654	8.476558	1.891158	4.482206	159
6825.124805	8.278531	1.901276	4.354197	160
6826.144668	8.239605	1.928087	4.273462	161
6827.146203	8.716659	1.910037	4.563606	162
6828.190442	8.169749	1.914759	4.266725	163
6829.175629	8.366457	1.819185	4.599014	164
6830.235334	8.403173	1.940624	4.330141	165
6831.213151	8.317665	1.916107	4.340919	166
6832.256113	8.349116	1.924556	4.338204	167
6833.255829	7.841218	1.880651	4.169418	168
6834.285637	8.542012	1.895998	4.505285	169
6835.296282	8.219998	1.905795	4.313160	170
6836.316848	8.756427	1.887714	4.638640	171
6837.334097	8.265148	1.886583	4.381016	172
6838.350460	8.700406	1.868926	4.655297	173
6839.369217	8.074981	1.871239	4.315311	174
6840.385658	8.731714	1.928273	4.528257	175
6841.401086	8.250989	1.919540	4.298419	176
6842.423884	8.236311	1.893497	4.349788	177
6843.431886	8.163352	1.920834	4.249901	178
6844.464280	8.026014	1.906323	4.210207	179
6845.460675	8.019893	1.842987	4.351573	180
6846.505933	7.891806	1.894923	4.164710	181
6847.491959	8.698162	1.912164	4.548858	182
6848.544122	7.737889	1.898423	4.075957	183
6849.529178	8.729606	1.853678	4.709343	184
6850.572783	7.855184	1.925738	4.079052	185
6851.572067	8.471355	1.897670	4.464082	186
6852.595876	8.255289	1.895808	4.354496	187
6853.626619	8.326692	1.916042	4.345778	188
6854.623677	8.631314	1.879684	4.591898	189
6855.656549	8.027395	1.867230	4.299092	190
6856.672486	8.903797	1.901494	4.682527	191
6857.680705	8.491154	1.914968	4.434098	192
6858.713114	8.147964	1.872836	4.350603	193
6859.703415	8.581803	1.917243	4.476117	194
6860.762346	8.467831	1.929900	4.387705	195
6861.737834	8.526054	1.879866	4.535459	196
6862.792976	8.602344	1.945608	4.421417	197
6863.781050	8.746488	1.875621	4.663249	198
6864.809400	8.474330	1.910622	4.435378	199
6865.826559	8.459707	1.914571	4.418591	200
6866.836799	8.298072	1.900518	4.366216	201
6867.866848	8.287154	1.932764	4.287722	202
6868.869370	8.561747	1.920443	4.458216	203
6869.911243	8.363931	1.913092	4.371945	204
6870.907400	8.844415	1.901799	4.650552	205
6871.937198	8.124840	1.881948	4.317250	206
6872.944811	8.989994	1.906237	4.716096	207
6873.968980	8.221574	1.919921	4.282246	208
6874.981834	8.710581	1.925104	4.524733	209
6876.004715	7.697965	1.882127	4.090035	210
6877.016798	8.349395	1.908499	4.374850	211
6878.040483	7.454153	1.883900	3.956767	212
6879.050202	8.135033	1.901236	4.278814	213
6880.077342	7.493270	1.921732	3.899228	214
6881.082952	8.048359	1.900273	4.235371	215
6882.114596	7.405727	1.879436	3.940399	216
6883.116092	8.058193	1.887772	4.268627	217
6884.149330	7.802502	1.890378	4.127481	218
6885.154015	8.003555	1.881682	4.253406	219
6886.180863	8.152539	1.914472	4.258374	220
6887.195888	7.918324	1.883173	4.204779	221
6888.206622	8.311739	1.895744	4.384421	222
6889.240200	7.574363	1.893203	4.000820	223
6890.231960	8.376559	1.885493	4.442636	224
6891.281557	7.817121	1.945529	4.017992	225
6892.264590	8.184551	1.862195	4.395111	226
6893.316314	7.954844	1.889247	4.210589	227
6894.306074	7.862697	1.845579	4.260287	228
6895.341084	8.380043	1.930869	4.340038	229
6896.352162	7.724589	1.883537	4.101109	230
6897.365551	8.387608	1.884437	4.450988	231
6898.395212	7.629902	1.845480	4.134372	232
6899.405603	8.600873	1.928738	4.459326	233
6900.429783	8.127681	1.916205	4.241551	234
6901.436745	8.100166	1.911754	4.237033	235
6902.464666	8.413820	1.921348	4.379125	236
6903.478988	7.958859	1.914550	4.157038	237
6904.483721	8.268535	1.856538	4.453739	238
6905.521957	7.795407	1.913932	4.072980	239
6906.514964	8.491699	1.896987	4.476414	240
6907.560836	7.488618	1.880831	3.981547	241
6908.546365	8.512320	1.897911	4.485101	242
6909.597861	7.333330	1.867910	3.925954	243
6910.579801	8.442114	1.900074	4.443046	244
6911.633849	7.397847	1.857028	3.983701	245
6912.616943	8.188612	1.875934	4.365085	246
6913.668008	7.599463	1.907537	3.983915	247
6914.651526	8.425794	1.907862	4.416355	248
6915.704019	7.595462	1.854137	4.096494	249
6916.687635	8.385172	1.913348	4.382460	250
6917.738952	7.876790	1.910214	4.123511	251
6918.723948	8.436728	1.912230	4.411983	252
6919.772353	7.786068	1.919923	4.055408	253
6920.769193	8.706039	1.925833	4.520663	254
6921.804235	7.982271	1.914093	4.170262	255
6922.802746	8.382792	1.893744	4.426570	0
6923.832124	8.006964	1.890186	4.236071	1
6924.844220	8.096931	1.878293	4.310794	2
6925.859097	8.134604	1.904305	4.271692	3
6926.885523	8.071258	1.893875	4.261768	4
6927.890521	8.226417	1.915988	4.293565	5
6928.923184	7.848754	1.888176	4.156791	6
6929.927664	8.487772	1.910256	4.443264	7
6930.953907	8.132464	1.925168	4.224289	8
6931.969028	8.382869	1.904515	4.401576	9
6932.979029	7.969459	1.870141	4.261423	10
6934.013854	8.055457	1.901097	4.237267	11
6935.006172	8.164986	1.911601	4.271282	12
6936.054965	7.837528	1.888793	4.149490	13
6937.038025	8.139230	1.847813	4.404791	14
6938.090807	7.757421	1.898424	4.086242	15
6939.075916	8.702818	1.912906	4.549528	16
6940.121808	7.761169	1.907840	4.068040	17
6941.115773	8.679037	1.916500	4.528588	18
6942.149349	7.920106	1.927373	4.109275	19
6943.163584	8.560533	1.936872	4.419773	20
6944.180760	7.864840	1.897939	4.143885	21
6945.203400	8.354618	1.932888	4.322351	22
6946.211878	7.935433	1.918544	4.136174	23
6947.231970	7.758666	1.866989	4.155711	24
6948.253368	8.080402	1.916445	4.216350	25
6949.269399	7.711523	1.876082	4.110441	26
6950.281736	7.715979	1.852897	4.164278	27
6951.304739	7.970503	1.905307	4.183316	28
6952.316577	7.830004	1.905189	4.109831	29
6953.338062	8.052855	1.910004	4.216146	30
6954.353227	7.872071	1.904703	4.132966	31
6955.370658	8.204539	1.907772	4.300587	32
6956.391763	7.977067	1.913873	4.168024	33
6957.401188	8.440623	1.928315	4.377201	34
6958.430029	7.855202	1.923858	4.083047	35
6959.431210	8.341197	1.861855	4.480047	36
6960.470718	7.537342	1.913216	3.939620	37
6961.460697	8.257827	1.814952	4.549886	38
6962.510443	7.245681	1.898592	3.816344	39
6963.493618	8.328872	1.889623	4.407691	40
6964.545480	7.434263	1.910834	3.890586	41
6965.529594	8.170467	1.920733	4.253829	42
6966.576554	7.910559	1.916299	4.128039	43
6967.571328	7.640855	1.816611	4.206104	44
6968.602824	8.375683	1.920878	4.360342	45
6969.615249	7.708481	1.887587	4.083775	46
6970.631041	8.247683	1.882235	4.381855	47
6971.664595	7.758850	1.911896	4.058197	48
6972.661471	8.295956	1.896517	4.374311	49
6973.693429	7.486367	1.889476	3.962138	50
6974.696520	8.131506	1.942384	4.186354	51
6975.726188	7.715758	1.872285	4.121038	52
6976.735185	7.956412	1.925132	4.132918	53
6977.757944	7.770102	1.847099	4.206652	54
6978.773926	7.760540	1.895852	4.093432	55
6979.787983	7.842983	1.832853	4.279112	56
6980.813617	7.507283	1.883898	3.984974	57
6981.820108	8.193826	1.887277	4.341613	58
6982.850321	7.513200	1.922523	3.907990	59
6983.853138	8.079080	1.875990	4.306570	60
6984.887628	7.418214	1.926206	3.851204	61
6985.887847	7.896901	1.873906	4.214139	62
6986.923054	7.242462	1.888859	3.834305	63
6987.923472	8.049390	1.928740	4.173393	64
6988.957730	7.534204	1.919159	3.925785	65
6989.960686	7.936595	1.916073	4.142116	66
6990.990107	7.499732	1.887571	3.973219	67
6991.999400	7.817936	1.853357	4.218257	68
6993.021548	7.644884	1.875999	4.075101	69
6994.038297	7.701124	1.855991	4.149333	70
6995.051785	7.810596	1.894947	4.121801	71
6996.077712	7.852744	1.931595	4.065420	72
6997.083183	8.019241	1.919678	4.177388	73
6998.115330	7.720415	1.894345	4.075506	74
6999.117380	7.811224	1.839505	4.246374	75
7000.149132	7.757540	1.912962	4.055251	76
7001.156259	8.149625	1.907749	4.271854	77
7002.187964	7.887554	1.902949	4.144911	78
7003.197917	8.255203	1.918227	4.303560	79
7004.207263	7.860798	1.899701	4.137913	80
7005.241213	7.757422	1.874836	4.137653	81
7006.234198	7.760090	1.877454	4.133306	82
7007.281801	7.848190	1.926932	4.072895	83
7008.265542	8.134628	1.933347	4.207536	84
7009.318434	7.504118	1.906428	3.936219	85
7010.301490	8.301477	1.914898	4.335207	86
7011.351769	7.519109	1.921777	3.912582	87
7012.336921	8.235109	1.887337	4.363350	88
7013.384030	7.461951	1.915935	3.894679	89
7014.376129	8.431439	1.903645	4.429104	90
7015.416690	6.794793	1.787493	3.801297	91
7016.412133	8.129471	1.869875	4.347601	92
7017.449402	7.240489	1.898048	3.814702	93
7018.450538	7.769269	1.879698	4.133255	94
7019.484222	7.237298	1.915898	3.777497	95
7020.484966	7.898541	1.940531	4.070299	96
7021.519695	7.015145	1.841115	3.810270	97
7022.519614	7.888989	1.922930	4.102589	98
7023.555315	7.271200	1.874273	3.879477	99
7024.553018	7.499425	1.799857	4.166678	100
7025.592992	7.536691	1.914825	3.935969	101
7026.585044	7.896667	1.867300	4.228923	102
7027.631878	7.292588	1.867390	3.905231	103
7028.617313	8.291702	1.921507	4.315209	104
7029.668451	7.351400	1.895704	3.877927	105
7030.650770	8.323148	1.930153	4.312170	106
7031.703101	7.518649	1.927268	3.901195	107
7032.685991	7.988347	1.890921	4.224579	108
7033.736662	7.595129	1.914017	3.968161	109
7034.723198	7.906433	1.923926	4.109531	110
7035.766282	7.826827	1.912090	4.093336	111
7036.765047	7.729349	1.914955	4.036308	112
7037.794423	7.989743	1.878453	4.253363	113
7038.807408	7.627320	1.885142	4.046018	114
7039.823692	8.339267	1.889315	4.413910	115
7040.848552	7.455605	1.908409	3.906712	116
7041.854423	8.305278	1.895063	4.382586	117
7042.885713	7.430670	1.908106	3.894266	118
7043.889402	8.152205	1.929425	4.225198	119
7044.921675	7.653528	1.926288	3.973201	120
7045.924094	7.899262	1.932043	4.088554	121
7046.954213	7.509038	1.854187	4.049775	122
7047.962304	7.602306	1.907707	3.985049	123
7048.987044	7.885727	1.923018	4.100704	124
7049.998710	7.476952	1.868691	4.001171	125
7051.019776	7.953433	1.931608	4.117518	126
7052.035659	7.637492	1.893473	4.033590	127
7053.053415	7.939050	1.920202	4.134487	128
7054.071566	7.723141	1.936592	3.988007	129
7055.089279	7.772595	1.891286	4.109688	130
7056.106532	7.646110	1.917291	3.987976	131
7057.124315	7.676798	1.895384	4.050260	132
7058.140269	7.667851	1.915260	4.003557	133
7059.162647	7.491750	1.877246	3.990818	134
7060.173345	7.733012	1.921154	4.025192	135
7061.199960	7.633238	1.913773	3.988580	136
7062.205356	7.687090	1.869703	4.111396	137
7063.237299	7.546239	1.931060	3.907822	138
7064.239955	7.840884	1.909864	4.105468	139
7065.272771	7.387553	1.915542	3.856638	140
7066.276001	7.611655	1.861315	4.089396	141
7067.305575	7.343528	1.909614	3.845556	142
7068.313342	8.030393	1.922169	4.177777	143
7069.336491	7.505188	1.934786	3.879080	144
7070.354691	7.682201	1.900078	4.043099	145
7071.365154	7.594145	1.910061	3.975865	146
7072.396655	7.767809	1.907286	4.072702	147
7073.393314	7.650209	1.901159	4.023972	148
7074.436970	7.623154	1.900355	4.011437	149
7075.423170	7.657619	1.896201	4.038400	150
7076.474156	7.538142	1.932567	3.900585	151
7077.457122	7.787401	1.890109	4.120080	152
7078.511898	7.310704	1.896852	3.854124	153
7079.492976	7.860616	1.871051	4.201177	154
7080.553731	7.440385	1.909258	3.897004	155
7081.529087	7.919358	1.856163	4.266520	156
7082.578666	7.205054	1.888439	3.815349	157
7083.564733	8.198029	1.902734	4.308552	158
7084.612321	7.297104	1.912611	3.815259	159
7085.600775	8.128355	1.916535	4.241171	160
7086.648447	7.100482	1.891364	3.754159	161
7087.637725	7.999262	1.897830	4.214952	162
7088.682099	7.016199	1.896754	3.699056	163
7089.670767	8.005117	1.917475	4.174823	164
7090.717775	7.198649	1.941143	3.708459	165
7091.703658	8.004630	1.912785	4.184804	166
