time (s)	energy (uJ)	charge (mC)	voltage (mV)	crossing#mod 255
7882.660381	8.495808	2.330129	3.646067	124
7883.678745	9.646134	2.366488	4.076139	125
7884.687532	9.103724	2.370955	3.839686	126
7885.718930	9.322167	2.365899	3.940222	127
7886.721391	8.875919	2.359026	3.762536	128
7887.759714	9.046921	2.359327	3.834535	129
7888.754025	9.123044	2.363604	3.859803	130
7889.805773	9.606875	2.359916	4.070855	131
7890.785841	9.505883	2.364332	4.020536	132
7891.832133	9.327538	2.332491	3.998960	133
7892.818872	9.418636	2.380337	3.956850	134
7893.866894	9.613395	2.381818	4.036158	135
7894.855589	9.200452	2.362258	3.894770	136
7895.900058	9.477414	2.376007	3.988798	137
7896.893526	9.234570	2.374965	3.888296	138
7897.934390	9.422871	2.373959	3.969264	139
7898.932418	9.190460	2.369735	3.878265	140
7899.967628	9.658055	2.401221	4.022143	141
7900.973142	9.120287	2.379107	3.833491	142
7902.008300	10.147196	2.385834	4.253103	143
7903.013277	8.695776	2.377275	3.657875	144
7904.028477	10.140627	2.438140	4.159165	145
7905.052348	8.870706	2.369204	3.744172	146
7906.059846	10.090174	2.371414	4.254920	147
7907.091059	9.375029	2.366363	3.961789	148
7908.093431	10.147855	2.372870	4.276617	149
7909.122447	9.956126	2.362417	4.214381	150
7910.140390	10.282600	2.381049	4.318517	151
7911.151343	10.252368	2.371117	4.323855	152
7912.177005	9.604569	2.400860	4.000471	153
7913.180430	10.063538	2.310395	4.355764	154
7914.219941	9.450249	2.352350	4.017365	155
7915.211009	9.920918	2.376610	4.174400	156
7916.256444	9.915627	2.351510	4.216706	157
7917.244739	9.599686	2.362505	4.063351	158
7918.288657	10.093485	2.388663	4.225579	159
7919.282872	9.931722	2.392858	4.150570	160
7920.322624	10.098201	2.385197	4.233696	161
7921.324374	9.502692	2.360761	4.025267	162
7922.363413	10.579125	2.411485	4.386976	163
7923.362863	9.191262	2.368851	3.880051	164
7924.386739	9.752721	2.383628	4.091545	165
7925.402027	8.864450	2.386708	3.714091	166
7926.419754	9.516497	2.330491	4.083473	167
7927.437377	8.731041	2.371677	3.681379	168
7928.462380	10.256800	2.391078	4.289613	169
7929.471729	8.969718	2.352678	3.812557	170
7930.489729	9.916186	2.369013	4.185788	171
7931.506393	9.323665	2.377393	3.921803	172
7932.526106	10.104159	2.380802	4.244014	173
7933.540325	9.412796	2.370351	3.971056	174
7934.564456	10.414883	2.399091	4.341179	175
7935.573145	9.652926	2.375264	4.063939	176
7936.604893	10.144193	2.360565	4.297359	177
7937.604583	10.084667	2.376065	4.244273	178
7938.642971	10.029240	2.361555	4.246879	179
7939.633918	10.182967	2.366563	4.302851	180
7940.680725	9.780499	2.339785	4.180086	181
7941.667657	10.360049	2.434347	4.255781	182
7942.716995	9.827706	2.411712	4.074991	183
7943.714291	10.465626	2.377533	4.401884	184
7944.749028	9.626680	2.357848	4.082824	185
7945.747287	10.613602	2.365058	4.487672	186
7946.777944	10.053111	2.365400	4.250069	187
7947.789018	10.526977	2.383827	4.415998	188
7948.806396	10.472253	2.408849	4.347410	189
7949.830430	9.946679	2.358248	4.217827	190
7950.837275	10.460254	2.382759	4.389976	191
7951.867996	9.592328	2.349458	4.082784	192
7952.872882	10.582420	2.383361	4.440125	193
7953.904456	9.751929	2.358904	4.134093	194
7954.911027	10.714939	2.377469	4.506868	195
7955.937227	9.869137	2.361757	4.178728	196
7956.950684	10.480290	2.366434	4.428727	197
7957.969897	9.713926	2.368989	4.100453	198
7958.987964	10.403677	2.381455	4.368621	199
7960.002467	9.722516	2.365283	4.110509	200
7961.025390	10.192063	2.381643	4.279426	201
7962.036739	9.621744	2.375644	4.050162	202
7963.061333	9.878139	2.371833	4.164770	203
7964.070944	9.305749	2.333527	3.987847	204
7965.095931	9.804267	2.359737	4.154813	205
7966.107093	9.398463	2.381592	3.946295	206
7967.129185	10.111341	2.388982	4.232490	207
7968.144355	9.310379	2.386703	3.900938	208
7969.162189	10.140895	2.379426	4.261908	209
7970.181703	9.414289	2.372121	3.968722	210
7971.195064	10.215316	2.358007	4.332182	211
7972.219531	9.629490	2.362472	4.076023	212
7973.227781	10.173875	2.352213	4.325235	213
7974.257164	9.595517	2.360158	4.065626	214
7975.261391	10.199922	2.350291	4.339854	215
7976.293668	9.847112	2.411823	4.082851	216
7977.297552	10.208938	2.356256	4.332695	217
7978.326089	10.054648	2.361412	4.257898	218
7979.337694	10.137506	2.348844	4.315956	219
7980.355037	10.488666	2.372517	4.420903	220
7981.379706	9.815349	2.326820	4.218354	221
7982.383999	11.078196	2.430614	4.557777	222
7983.421698	9.772728	2.379509	4.107036	223
7984.415656	10.633063	2.383814	4.460526	224
7985.459992	9.906012	2.372130	4.175999	225
7986.447857	10.301149	2.390367	4.309443	226
7987.494265	10.120852	2.376775	4.258229	227
7988.483971	10.369292	2.376954	4.362429	228
7989.527350	10.403080	2.383471	4.364677	229
7990.520878	10.425422	2.381784	4.377149	230
7991.561288	10.193441	2.367531	4.305516	231
7992.557604	10.552095	2.381547	4.430774	232
7993.595013	10.134815	2.377910	4.262069	233
7994.594986	10.259405	2.366931	4.334476	234
7995.629124	10.012835	2.375661	4.214758	235
7996.631966	10.101699	2.430894	4.155549	236
7997.664183	9.753409	2.343396	4.162083	237
7998.666622	9.691168	2.374113	4.082016	238
7999.708123	10.320729	2.369180	4.356246	239
8000.699686	9.693169	2.364220	4.099944	240
8001.736820	9.918391	2.394413	4.142307	241
8002.734618	9.995604	2.402477	4.160541	242
8003.773512	10.120477	2.361167	4.286218	243
8004.767257	10.455007	2.417067	4.325494	244
8005.811652	10.137285	2.352123	4.309845	245
8006.800559	10.451797	2.369478	4.411012	246
8007.847957	10.048802	2.350134	4.275843	247
8008.834484	10.460217	2.360553	4.431256	248
8009.881797	10.141879	2.366039	4.286438	249
8010.871614	10.502457	2.363473	4.443653	250
8011.914865	10.102124	2.370741	4.261168	251
8012.913039	10.120906	2.292022	4.415710	252
8013.945835	9.956842	2.291559	4.345009	253
8014.953996	10.603639	2.359708	4.493624	254
8015.974489	10.655026	2.370620	4.494616	255
8017.002997	10.992491	2.384775	4.609445	0
8018.006065	10.613160	2.339038	4.537404	1
8019.032745	10.326385	2.402371	4.298414	2
8020.037621	10.780091	2.360384	4.567092	3
8021.069064	9.982641	2.385978	4.183879	4
8022.073881	10.601236	2.349363	4.512387	5
8023.104322	9.885621	2.359328	4.190016	6
8024.111690	10.727536	2.361662	4.542367	7
8025.138945	10.052183	2.362719	4.254498	8
8026.156601	11.101573	2.371868	4.680519	9
8027.173343	10.037525	2.373638	4.228751	10
8028.185193	10.574780	2.365149	4.471084	11
8029.208836	9.627220	2.302849	4.180570	12
8030.219643	10.627730	2.367555	4.488905	13
8031.242610	9.678968	2.323472	4.165735	14
8032.254561	10.839580	2.385435	4.544068	15
8033.278785	9.881084	2.372266	4.165252	16
8034.288522	10.493700	2.360292	4.445933	17
8035.313493	9.821021	2.331129	4.212989	18
8036.330938	11.023634	2.370533	4.650277	19
8037.348876	10.217423	2.371986	4.307539	20
8038.356117	10.729394	2.378541	4.510913	21
8039.386862	9.688354	2.290726	4.229383	22
8040.391669	10.572775	2.373255	4.454967	23
8041.421809	10.098939	2.378031	4.246765	24
8042.427979	10.488001	2.349617	4.463706	25
8043.455327	10.127624	2.380077	4.255167	26
8044.467106	10.619586	2.433931	4.363142	27
8045.486522	10.471993	2.387070	4.386965	28
8046.507814	9.889715	2.336474	4.232752	29
8047.517232	10.610959	2.365270	4.486152	30
8048.548524	10.106324	2.387681	4.232696	31
8049.548456	10.683345	2.356719	4.533143	32
8050.587482	9.945349	2.341724	4.247021	33
8051.579095	10.927277	2.410606	4.533000	34
8052.624469	10.202477	2.370059	4.304735	35
8053.612326	10.440201	2.352239	4.438411	36
8054.659993	10.220002	2.377558	4.298530	37
8055.649022	10.365896	2.296361	4.514052	38
8056.694150	10.212571	2.364807	4.318564	39
8057.685085	10.825068	2.381300	4.545866	40
8058.728987	10.155236	2.362934	4.297723	41
8059.720651	10.692749	2.356817	4.536945	42
8060.763897	10.212796	2.367792	4.313215	43
8061.755610	10.606443	2.362695	4.489130	44
8062.798891	9.989419	2.363156	4.227151	45
8063.792974	10.470158	2.370137	4.417533	46
8064.834105	10.436171	2.426774	4.300429	47
8065.825658	10.630901	2.365585	4.493985	48
8066.870800	10.264415	2.382957	4.307428	49
8067.860573	10.202036	2.287390	4.460122	50
8068.907575	9.809432	2.305152	4.255438	51
8069.896110	10.578419	2.375788	4.452594	52
8070.942216	10.212269	2.366354	4.315614	53
8071.931946	10.571858	2.368161	4.464163	54
8072.978683	10.208996	2.353162	4.338417	55
8073.966843	10.982499	2.423611	4.531462	56
8075.011118	10.334296	2.377082	4.347472	57
8076.005619	10.747148	2.361356	4.551260	58
8077.043180	10.231222	2.350663	4.352483	59
8078.045743	10.406612	2.324291	4.477328	60
8079.075270	10.375053	2.369580	4.378436	61
8080.086203	10.602633	2.362064	4.488716	62
8081.106782	10.873811	2.419201	4.494795	63
8082.124941	10.514128	2.380435	4.416894	64
8083.137374	10.779991	2.364604	4.558899	65
8084.162381	10.481311	2.397693	4.371415	66
8085.170905	10.883032	2.381797	4.569253	67
8086.199757	10.070100	2.338240	4.306701	68
8087.205538	10.746057	2.352983	4.566993	69
8088.236540	10.116540	2.356536	4.292970	70
8089.241119	10.746109	2.364719	4.544350	71
8090.272239	10.386363	2.397627	4.331934	72
8091.277164	10.790563	2.383082	4.527987	73
8092.305602	10.302040	2.371832	4.343494	74
8093.312855	10.712490	2.362647	4.534106	75
8094.342291	10.312038	2.408460	4.281590	76
8095.348427	10.765551	2.381005	4.521431	77
8096.376936	10.375927	2.389279	4.342702	78
8097.383116	10.990201	2.388873	4.600580	79
8098.412509	9.984997	2.315358	4.312507	80
8099.418299	10.793099	2.337668	4.617038	81
8100.448008	10.530051	2.430503	4.332458	82
8101.453360	10.967585	2.364574	4.638293	83
8102.483103	10.261839	2.376605	4.317857	84
8103.488459	11.012797	2.353377	4.679572	85
8104.516261	10.531498	2.374537	4.435180	86
8105.523953	10.931815	2.364525	4.623261	87
8106.551082	10.610423	2.410455	4.401834	88
8107.563661	10.369069	2.364618	4.385093	89
8108.582954	10.466211	2.368408	4.419090	90
8109.604580	10.134582	2.348641	4.315083	91
8110.614521	10.558963	2.353315	4.486846	92
8111.643048	10.041064	2.329674	4.310072	93
8112.644961	10.742425	2.382683	4.508542	94
8113.690064	10.613757	2.364060	4.489631	95
8114.676981	10.799144	2.357885	4.580013	96
8115.720062	10.441819	2.379595	4.388067	97
8116.710589	10.684979	2.355296	4.536576	98
8117.756053	10.522820	2.394324	4.394903	99
8118.744153	10.924127	2.378741	4.592400	100
8119.791676	10.549312	2.399979	4.395586	101
8120.779614	10.719337	2.341794	4.577404	102
8121.826512	10.259475	2.348413	4.368683	103
8122.814764	11.120331	2.422178	4.591046	104
8123.861796	10.332480	2.364018	4.370728	105
8124.851193	10.838240	2.375269	4.562952	106
8125.905981	10.879144	2.394323	4.543725	107
8126.885434	10.806334	2.351597	4.595317	108
8127.932511	10.499837	2.404128	4.367420	109
8128.922457	10.898883	2.400746	4.539790	110
8129.967471	10.377995	2.376733	4.366497	111
8130.955917	10.847686	2.354679	4.606863	112
8132.012031	10.863030	2.386781	4.551332	113
8132.991641	10.823426	2.343269	4.618944	114
8134.038787	10.647605	2.418634	4.402322	115
8135.027332	10.955593	2.365484	4.631438	116
8136.081857	11.165699	2.383153	4.685264	117
8137.063822	10.637838	2.350456	4.525863	118
8138.107654	10.517044	2.374199	4.429723	119
8139.102046	10.774904	2.367343	4.551476	120
8140.138165	10.578485	2.366811	4.469510	121
8141.141713	10.877660	2.374372	4.581278	122
8142.170915	9.977717	2.314092	4.311720	123
8143.181005	10.728946	2.372396	4.522409	124
8144.203187	10.497615	2.370455	4.428524	125
8145.218723	10.692261	2.377867	4.496577	126
8146.233549	11.042732	2.406547	4.588622	127
8147.256813	10.476151	2.346373	4.464828	128
8148.267193	10.764047	2.351567	4.577394	129
8149.294455	10.433505	2.363417	4.414585	130
8150.302055	10.622741	2.309009	4.600563	131
8151.331663	10.323308	2.376764	4.343431	132
8152.338791	10.801149	2.406520	4.488285	133
8153.366975	10.324571	2.365392	4.364846	134
8154.373696	10.815030	2.375640	4.552470	135
8155.402579	10.474830	2.373308	4.413599	136
8156.408492	11.256536	2.421385	4.648801	137
8157.438854	10.379385	2.386037	4.350052	138
8158.444653	10.977031	2.371418	4.628890	139
8159.473485	10.714649	2.442219	4.387260	140
8160.479355	10.958639	2.332741	4.697753	141
8161.508743	10.535301	2.370492	4.444352	142
8162.514243	11.179159	2.377394	4.702275	143
8163.543190	10.711421	2.378859	4.502757	144
8164.549972	11.141485	2.371557	4.697963	145
8165.577343	10.533830	2.341681	4.498405	146
8166.585751	10.962735	2.370134	4.625366	147
8167.610861	10.613983	2.360067	4.497324	148
8168.632359	11.156169	2.361671	4.723845	149
8169.643150	10.490438	2.346505	4.470666	150
8170.661156	10.598330	2.364194	4.482852	151
8171.675994	10.629178	2.361897	4.500273	152
8172.701657	10.556558	2.370425	4.453444	153
8173.708371	10.821084	2.363126	4.579139	154
8174.739782	10.435275	2.370828	4.401532	155
8175.740515	10.953577	2.387910	4.587098	156
8176.778057	10.416276	2.367408	4.399865	157
8177.772529	10.853963	2.366038	4.587401	158
8178.815644	10.493130	2.376361	4.415629	159
8179.805281	11.095399	2.372246	4.677171	160
8180.851516	10.524672	2.377947	4.425949	161
8181.840653	10.971229	2.368500	4.632143	162
8182.887474	10.499759	2.353546	4.461251	163
8183.875881	11.150953	2.424025	4.600182	164
8184.922272	10.465071	2.354087	4.445490	165
8185.911601	10.943877	2.373478	4.610903	166
8186.958385	10.411634	2.370395	4.392364	167
8187.946305	11.074768	2.384012	4.645433	168
8188.993516	10.426173	2.374926	4.390104	169
