crossing time (s)	slope (V/s)	crossing number
7146.358586	3.247934	4310
7147.376948	3.828609	4311
7148.359461	5.019391	4312
7149.387235	4.431983	4313
7150.405773	4.948560	4314
7151.409768	4.809342	4315
7152.426039	4.022248	4316
7153.465319	4.371188	4317
7154.452643	4.220284	4318
7155.488537	4.539618	4319
7156.495373	4.136360	4320
7157.519740	3.814277	4321
7158.543408	4.252081	4322
7159.555735	4.272199	4323
7160.581077	4.714499	4324
7161.590473	4.567524	4325
7162.613901	4.979394	4326
7163.629689	4.226128	4327
7164.642589	4.261769	4328
7165.670383	3.874344	4329
7166.665229	4.070112	4330
7167.710409	4.562240	4331
7168.712049	4.094689	4332
7169.733156	4.219638	4333
7170.759581	4.183421	4334
7171.762878	3.943880	4335
7172.778930	4.529773	4336
7173.818631	3.996052	4337
7174.816926	4.011831	4338
7175.837411	4.438110	4339
7176.864514	4.196085	4340
7177.880169	3.995122	4341
7178.881342	4.235305	4342
7179.919816	4.207467	4343
7180.931335	3.883932	4344
7181.936687	3.872668	4345
7182.962068	4.185691	4346
7183.989541	3.798204	4347
7184.989582	3.767463	4348
7186.017298	4.043493	4349
7187.035198	3.758648	4350
7188.044506	3.518332	4351
7189.067093	4.075446	4352
7190.095191	3.548270	4353
7191.091702	3.641847	4354
7192.126901	3.959810	4355
7193.136377	3.583003	4356
7194.153872	4.048709	4357
7195.182749	3.708214	4358
7196.185563	3.692227	4359
7197.216958	3.751539	4360
7198.224922	3.652812	4361
7199.250995	4.063341	4362
7200.262472	3.884185	4363
7201.286974	4.276491	4364
7202.295413	3.990222	4365
7203.320241	4.252186	4366
7204.325195	3.990178	4367
7205.357638	4.035011	4368
7206.361281	3.903995	4369
7207.392377	3.766337	4370
7208.402531	4.014741	4371
7209.417199	3.923467	4372
7210.446871	4.085325	4373
7211.444130	3.900191	4374
7212.483917	3.705424	4375
7213.487384	4.105124	4376
7214.507977	3.916598	4377
7215.531266	4.021669	4378
7216.541922	4.196252	4379
7217.561486	4.164095	4380
7218.590796	4.259654	4381
7219.590119	4.115923	4382
7220.625365	4.118051	4383
7221.632481	4.325114	4384
7222.641850	4.184545	4385
7223.673819	4.187265	4386
7224.688004	4.252710	4387
7225.691309	4.140876	4388
7226.729621	4.175945	4389
7227.726941	4.021864	4390
7228.758924	4.126216	4391
7229.770132	4.360242	4392
7230.781152	3.920512	4393
7231.812941	3.896834	4394
7232.821832	3.874760	4395
7233.849643	4.073559	4396
7234.858547	4.077693	4397
7235.869800	3.913748	4398
7236.895871	4.041998	4399
7237.901934	3.325669	4400
7238.931920	3.584765	4401
7239.947565	3.338388	4402
7240.975828	3.617585	4403
7241.981932	3.735583	4404
7243.010717	3.995215	4405
7244.020435	4.105488	4406
7245.038958	4.228371	4407
7246.059225	4.106387	4408
7247.063791	4.255703	4409
7248.100634	4.105669	4410
7249.101583	4.271558	4411
7250.129390	4.331636	4412
7251.144053	3.959268	4413
7252.148389	4.151563	4414
7253.193277	4.058320	4415
7254.181577	4.317317	4416
7255.225331	4.346661	4417
7256.223985	3.753674	4418
7257.244774	3.935738	4419
7258.278645	4.110940	4420
7259.281510	3.901710	4421
7260.309624	4.105361	4422
7261.326317	3.796923	4423
7262.331998	3.779239	4424
7263.371435	3.724058	4425
7264.356141	3.987083	4426
7265.395513	3.994018	4427
7266.404984	3.657741	4428
7267.423047	3.887385	4429
7268.445378	3.639219	4430
7269.449043	3.763640	4431
7270.482751	3.976678	4432
7271.489172	3.993800	4433
7272.517499	4.035032	4434
7273.530261	3.794148	4435
7274.545439	3.853802	4436
7275.560537	3.498639	4437
7276.575318	3.721636	4438
7277.598192	3.593160	4439
7278.612047	3.667187	4440
7279.629580	3.536432	4441
7280.646961	3.696847	4442
7281.666362	3.626762	4443
7282.683479	3.803553	4444
7283.695726	3.539283	4445
7284.723826	3.676596	4446
7285.730938	3.682647	4447
7286.759095	3.712828	4448
7287.767707	3.643900	4449
7288.790825	3.566462	4450
7289.812080	3.923767	4451
7290.815976	3.544990	4452
7291.851519	3.675498	4453
7292.850030	3.445123	4454
7293.886417	3.513343	4455
7294.889874	3.744786	4456
7295.916578	3.560316	4457
7296.931781	3.587979	4458
7297.945781	3.452466	4459
7298.976135	3.373673	4460
7299.982692	3.498767	4461
7301.004629	3.360679	4462
7302.025265	3.613228	4463
7303.032823	3.455955	4464
7304.064719	3.350515	4465
7305.073579	3.424690	4466
7306.103530	3.248463	4467
7307.100248	3.548098	4468
7308.136862	3.253129	4469
7309.140913	3.233876	4470
7310.164425	3.236204	4471
7311.172726	3.340280	4472
7312.194985	3.280184	4473
7313.212998	3.602065	4474
7314.232303	3.466286	4475
7315.248858	3.718278	4476
7316.264738	3.684442	4477
7317.280637	3.982916	4478
7318.300979	3.884895	4479
7319.316385	3.970170	4480
7320.343029	3.772133	4481
7321.346848	3.919964	4482
7322.385942	3.678238	4483
7323.380662	3.877696	4484
7324.425359	3.361459	4485
7325.416286	3.675161	4486
7326.456046	3.587651	4487
7327.451789	3.546211	4488
7328.489405	3.793152	4489
7329.493840	3.477125	4490
7330.518084	3.701776	4491
7331.537781	3.383971	4492
7332.548873	3.592558	4493
7333.576441	3.788641	4494
7334.583806	3.565634	4495
7335.607642	3.701873	4496
7336.625933	3.425932	4497
7337.630832	3.660723	4498
7338.669338	3.305442	4499
7339.661603	3.799331	4500
7340.707676	3.552010	4501
7341.696780	3.784354	4502
7342.744607	3.729272	4503
7343.739223	3.647412	4504
7344.771248	3.715006	4505
7345.775100	3.592887	4506
7346.795187	3.786149	4507
7347.808907	3.620407	4508
7348.829155	3.737077	4509
7349.852316	3.667355	4510
7350.859130	3.688269	4511
7351.886059	3.735292	4512
7352.899206	3.802338	4513
7353.930858	3.625293	4514
7354.935385	3.756781	4515
7355.963449	3.489306	4516
7356.976875	3.716227	4517
7357.991822	3.613268	4518
7359.012396	3.679131	4519
7360.027054	3.274503	4520
7361.046121	3.422110	4521
7362.052631	3.319587	4522
7363.085144	3.568158	4523
7364.089881	3.323243	4524
7365.127689	3.039472	4525
7366.123487	3.596010	4526
7367.160708	3.261646	4527
7368.156669	3.440264	4528
7369.191315	3.172138	4529
7370.199374	3.353690	4530
7371.220655	3.103410	4531
7372.237548	3.311383	4532
7373.252947	3.278588	4533
7374.278980	3.394734	4534
7375.290197	3.327863	4535
7376.315879	3.174826	4536
7377.324560	3.166175	4537
7378.342301	3.137430	4538
7379.359546	3.300884	4539
7380.372335	3.219063	4540
7381.398744	3.213515	4541
7382.406883	3.132130	4542
7383.435290	3.249777	4543
7384.440688	3.246997	4544
7385.476971	3.143525	4545
7386.471365	3.203885	4546
7387.510461	3.289047	4547
7388.503984	3.213819	4548
7389.549661	3.541292	4549
7390.530948	3.294003	4550
7391.583833	3.546496	4551
7392.574616	3.355965	4552
7393.619840	3.564648	4553
7394.610599	3.516869	4554
7395.657013	3.505474	4555
7396.654705	3.390614	4556
7397.687440	3.195628	4557
7398.691505	3.239839	4558
7399.715924	3.288452	4559
7400.726904	3.283100	4560
7401.744144	3.631662	4561
7402.767065	3.566315	4562
7403.775913	3.560798	4563
7404.808223	3.682958	4564
7405.811898	3.676236	4565
7406.848011	3.575759	4566
7407.850294	3.478037	4567
7408.877612	3.367073	4568
7409.888204	3.242601	4569
7410.897629	3.446405	4570
7411.925468	3.603499	4571
7412.925880	3.622028	4572
7413.974110	3.538453	4573
7414.960625	3.652341	4574
7416.014199	3.409012	4575
7417.000785	3.568778	4576
7418.045822	3.262300	4577
7419.039109	3.342154	4578
7420.074623	3.159381	4579
7421.072331	3.202968	4580
7422.104041	3.245775	4581
7423.104939	3.163581	4582
7424.141951	3.407514	4583
7425.138753	3.218511	4584
7426.174032	3.303480	4585
7427.176625	3.307642	4586
7428.215053	3.540650	4587
7429.213264	3.325150	4588
7430.252630	3.296722	4589
7431.249455	3.515861	4590
7432.291440	3.251898	4591
7433.284726	3.382518	4592
7434.328688	3.245682	4593
7435.320475	3.474448	4594
7436.368008	3.064888	4595
7437.356250	3.410561	4596
7438.398141	2.989183	4597
7439.395626	3.238132	4598
7440.425930	3.078001	4599
7441.432508	3.163308	4600
7442.455238	2.990894	4601
7443.474500	3.017812	4602
7444.486177	3.034725	4603
7445.512011	3.016786	4604
7446.521182	2.962941	4605
7447.549974	2.803622	4606
7448.558739	3.099952	4607
7449.575935	2.815131	4608
7450.589670	2.802782	4609
7451.604710	2.868949	4610
