time (s)	theta (A)	maj axis/z0	min axis/z0	crossing#mod 255
7147.354504	175.703339	0.933335	0.371726	215
7149.378300	179.014359	0.944940	0.376653	217
7151.415630	179.114639	0.920179	0.362775	219
7153.464239	176.297638	0.932946	0.368762	221
7155.496169	177.549255	0.937118	0.368103	223
7157.522174	178.958527	0.933520	0.363093	225
7159.553955	180.084717	0.926654	0.359242	227
7161.590884	179.849472	0.922442	0.357808	229
7163.631000	179.344025	0.916929	0.357645	231
7165.675012	178.446503	0.915542	0.359611	233
7167.711392	178.724792	0.924670	0.358797	235
7169.732348	180.519714	0.927619	0.354854	237
7171.765754	180.023941	0.905670	0.356190	239
7173.818079	179.628937	0.913158	0.354022	241
7175.836176	180.200668	0.925141	0.347379	243
7177.878134	180.204926	0.895746	0.354321	245
7179.919039	180.494949	0.922444	0.344981	247
7181.939145	180.593903	0.902793	0.348312	249
7183.994752	180.219910	0.896120	0.348921	251
7186.017664	180.841080	0.916611	0.341519	253
7188.045996	181.247467	0.892302	0.342601	255
7190.097962	180.030380	0.891716	0.343833	1
7192.131333	180.422424	0.907973	0.341461	3
7194.154298	181.801788	0.904439	0.341415	5
7196.185476	182.970825	0.894750	0.338122	7
7198.222259	182.587555	0.891548	0.336118	9
7200.259218	182.504425	0.888848	0.334745	11
7202.294283	182.687042	0.890842	0.334030	13
7204.328036	183.541306	0.888321	0.333670	15
7206.362162	184.067368	0.884208	0.333172	17
7208.401678	183.161697	0.878235	0.332230	19
7210.447205	180.663788	0.882104	0.332210	21
7212.484218	180.343246	0.892068	0.335365	23
7214.508190	183.430344	0.892425	0.334161	25
7216.540069	184.514755	0.874602	0.326735	27
7218.589305	181.060623	0.878316	0.328186	29
7220.622277	182.029755	0.891765	0.333220	31
7222.645996	185.308929	0.879992	0.326411	33
7224.686671	183.716049	0.864886	0.323040	35
7226.732200	181.198074	0.876756	0.328060	37
7228.760945	182.765884	0.882090	0.328433	39
7230.787145	185.506927	0.874969	0.322763	41
7232.821073	185.915375	0.865181	0.321330	43
7234.861299	184.865707	0.865962	0.322397	45
7236.901575	183.496170	0.869911	0.322760	47
7238.938416	183.100693	0.872047	0.322765	49
7240.973920	183.261459	0.872414	0.322300	51
7243.006770	183.826691	0.871658	0.320613	53
7245.037221	184.795898	0.870306	0.319056	55
7247.066393	185.894577	0.868013	0.315953	57
7249.099782	185.653992	0.860838	0.312238	59
7251.143683	184.656387	0.856000	0.312361	61
7253.190368	183.684555	0.858749	0.314167	63
7255.222414	184.236938	0.870089	0.313459	65
7257.245384	185.840225	0.866410	0.311548	67
7259.277350	186.149307	0.852263	0.308062	69
7261.324055	184.865707	0.847070	0.309211	71
7263.368052	184.260223	0.856950	0.309591	73
7265.395542	184.667084	0.864227	0.309438	75
7267.421733	186.270340	0.860018	0.307380	77
7269.451568	187.047897	0.851836	0.304079	79
7271.488806	186.912903	0.847240	0.301089	81
7273.528358	186.421967	0.846165	0.300317	83
7275.566234	185.961868	0.846215	0.300366	85
7277.603506	185.864090	0.847283	0.299513	87
7279.636876	186.300217	0.848052	0.299222	89
7281.669926	186.842743	0.848278	0.297747	91
7283.701087	187.804810	0.847533	0.296279	93
7285.734742	188.813690	0.843403	0.295954	95
7287.772525	188.276260	0.839492	0.296512	97
7289.814944	186.557999	0.839213	0.296929	99
7291.857307	184.835098	0.843085	0.296954	101
7293.892818	184.994019	0.847836	0.296367	103
7295.919990	187.272949	0.847401	0.293211	105
7297.946363	189.299072	0.839814	0.290195	107
7299.982576	189.372086	0.832232	0.289406	109
7302.026183	187.509735	0.833976	0.291042	111
7304.068208	185.864563	0.837657	0.292052	113
7306.105127	185.574341	0.839420	0.292192	115
7308.139174	186.153671	0.837759	0.290163	117
7310.170394	187.173950	0.835612	0.287778	119
7312.201948	187.892548	0.834204	0.285233	121
7314.235580	188.305695	0.830514	0.283366	123
7316.269587	188.485413	0.827875	0.281480	125
7318.306305	188.385269	0.826412	0.280294	127
7320.344859	188.070099	0.824237	0.279420	129
7322.384883	187.554108	0.822490	0.280113	131
7324.423863	187.174423	0.823810	0.280999	133
7326.458455	187.520554	0.827780	0.280610	135
7328.488757	188.305191	0.829386	0.280485	137
7330.515968	189.526184	0.827377	0.278992	139
7332.545397	190.543625	0.820172	0.274810	141
7334.581043	190.318527	0.813716	0.270894	143
7336.624062	189.317871	0.809811	0.270651	145
7338.668304	188.498108	0.810244	0.271618	147
7340.706518	188.085648	0.814374	0.272093	149
7342.738984	188.500061	0.817916	0.272131	151
7344.769693	189.224060	0.817917	0.271575	153
7346.800273	190.017715	0.815577	0.270121	155
7348.832985	190.780609	0.812601	0.268634	157
7350.865652	191.192780	0.810808	0.266500	159
7352.900966	191.345581	0.808444	0.264890	161
7354.936197	191.545837	0.806414	0.262910	163
7356.973084	191.370987	0.803566	0.261912	165
7359.010938	190.944565	0.803182	0.262058	167
7361.049383	190.270767	0.803402	0.261516	169
7363.088711	189.182693	0.802602	0.260492	171
7365.127829	188.510757	0.805271	0.259303	173
7367.162826	188.557693	0.805851	0.256702	175
7369.194331	189.732941	0.804971	0.254277	177
7371.221346	191.252274	0.804127	0.252317	179
7373.250439	192.682526	0.801162	0.250856	181
7375.285122	193.229065	0.795563	0.250447	183
7377.323576	192.439377	0.792098	0.250539	185
7379.363513	191.582870	0.792840	0.250590	187
7381.403917	190.544846	0.793853	0.251356	189
7383.441694	190.125977	0.794844	0.250584	191
7385.479711	189.830505	0.794278	0.250059	193
7387.515582	189.726791	0.793891	0.249844	195
7389.551739	189.853958	0.791550	0.248884	197
7391.586992	189.987885	0.791198	0.247855	199
7393.621438	190.400223	0.789873	0.246837	201
7395.655888	190.719254	0.790815	0.246075	203
7397.687811	191.393784	0.790187	0.245350	205
7399.718684	191.941895	0.788730	0.244370	207
7401.749106	192.927261	0.786839	0.242176	209
7403.780081	193.724045	0.783908	0.239536	211
7405.812503	194.010468	0.780193	0.235643	213
7407.849064	193.600922	0.775907	0.233185	215
7409.890079	193.047012	0.773431	0.231391	217
7411.931151	192.147079	0.771402	0.232086	219
7413.972275	191.750259	0.772794	0.233720	221
7416.009528	191.401230	0.774507	0.235401	223
7418.043569	191.656677	0.776989	0.234912	225
7420.076967	191.793503	0.777298	0.234347	227
7422.109829	191.960724	0.774833	0.234097	229
7424.144216	192.251373	0.774486	0.233569	231
7426.178954	192.376236	0.773217	0.232854	233
7428.216038	192.328766	0.772338	0.232327	235
7430.252852	192.115936	0.771379	0.231502	237
7432.290650	192.034271	0.770551	0.229873	239
7434.327430	191.938461	0.770107	0.228070	241
7436.363356	192.004074	0.770622	0.226457	243
7438.395909	192.666336	0.771555	0.224816	245
7440.426084	193.799194	0.770314	0.223367	247
7442.454742	195.067291	0.769122	0.221700	249
7444.484657	196.134872	0.767442	0.219802	251
7446.517956	196.758514	0.762578	0.219559	253
7448.554899	196.655151	0.760157	0.221299	255
7450.592240	195.973648	0.759825	0.221541	1
