time (s)	energy (uJ)	charge (mC)	voltage (mV)	crossing#mod 255
10214.693189	5.268215	2.572184	2.048148	209
10215.740685	4.433206	2.557090	1.733692	210
10216.747351	4.608516	2.604108	1.769710	211
10217.753864	5.266821	2.594979	2.029620	212
10218.788945	4.463758	2.625952	1.699862	213
10219.807751	4.747385	2.602525	1.824146	214
10220.797608	5.271704	2.520254	2.091735	215
10221.847751	4.515411	2.626963	1.718871	216
10222.840449	5.984119	2.600773	2.300900	217
10223.868886	4.806908	2.621393	1.833722	218
10224.893486	5.207437	2.639735	1.972712	219
10225.890079	5.922996	2.590914	2.286064	220
10226.926671	5.837336	2.595048	2.249413	221
10227.932040	5.414903	2.555986	2.118518	222
10228.959613	5.253961	2.598655	2.021801	223
10229.960637	4.868081	2.620567	1.857644	224
10230.995156	4.287472	2.594475	1.652540	225
10231.998125	4.444983	2.629044	1.690722	226
10233.037705	4.149956	2.617065	1.585729	227
10234.033274	4.656105	2.600507	1.790461	228
10235.070359	4.951540	2.618856	1.890726	229
10236.073517	4.911032	2.602903	1.886752	230
10237.094892	5.876719	2.568783	2.287745	231
10238.130375	4.101163	2.624086	1.562892	232
10239.112782	5.531984	2.588679	2.136991	233
10240.165088	5.099376	2.597152	1.963450	234
10241.162091	4.892204	2.588803	1.889755	235
10242.170929	5.766711	2.613164	2.206792	236
10243.215641	4.747913	2.613411	1.816749	237
10244.223951	5.067730	2.655822	1.908159	238
10245.223465	5.783781	2.622329	2.205589	239
10246.276897	4.577402	2.602463	1.758873	240
10247.259568	5.007273	2.643579	1.894127	241
10248.284792	5.484639	2.604355	2.105949	242
10249.325254	4.588806	2.618548	1.752424	243
10250.320313	4.759983	2.603214	1.828502	244
10251.333039	5.483459	2.544235	2.155248	245
10252.385135	4.486974	2.629945	1.706109	246
10253.365261	5.339245	2.632289	2.028366	247
10254.397003	5.795987	2.597891	2.231035	248
10255.427897	4.732713	2.624206	1.803484	249
10256.430082	5.789965	2.572114	2.251053	250
10257.451622	5.817495	2.626658	2.214790	251
10258.478344	4.840780	2.629722	1.840796	252
10259.467977	5.991723	2.612087	2.293844	253
10260.524224	4.730975	2.497526	1.894264	254
10261.503772	5.386165	2.558731	2.105014	255
10262.544429	6.384343	2.630689	2.426872	0
10263.552862	5.171248	2.583366	2.001748	1
10264.570644	6.158990	2.589545	2.378406	2
10265.597845	5.317882	2.628832	2.022907	3
10266.601882	6.283787	2.622760	2.395868	4
10267.636285	5.371330	2.620079	2.050064	5
10268.636112	5.936881	2.620029	2.265960	6
10269.681610	5.396393	2.582558	2.089553	7
10270.673756	5.526188	2.631845	2.099739	8
10271.705357	4.966070	2.586953	1.919660	9
10272.712942	5.175160	2.563556	2.018743	10
10273.736601	4.950718	2.625258	1.885802	11
10274.750496	5.812808	2.626917	2.212787	12
10275.761989	5.102030	2.615791	1.950473	13
10276.795145	5.845566	2.604014	2.244829	14
10277.800888	5.520506	2.578357	2.141094	15
10278.836889	5.605837	2.613634	2.144844	16
10279.826119	5.644526	2.578273	2.189266	17
10280.864355	5.266718	2.607335	2.019963	18
10281.874429	5.972098	2.600399	2.296609	19
10282.885168	5.775615	2.634897	2.191970	20
10283.919969	5.599827	2.601961	2.152156	21
10284.922943	6.140422	2.588950	2.371782	22
10285.940275	5.503974	2.611629	2.107487	23
10286.976246	6.047853	2.614334	2.313344	24
10287.964917	5.981733	2.627499	2.276588	25
10289.010441	5.472251	2.570247	2.129076	26
10290.014587	6.190013	2.613991	2.368032	27
10291.029039	5.777706	2.626371	2.199882	28
10292.062286	5.867845	2.601066	2.255939	29
10293.064353	6.280647	2.584798	2.429841	30
10294.085681	5.659441	2.585883	2.188591	31
10295.115005	6.330553	2.643922	2.394380	32
10296.108325	6.299581	2.636089	2.389745	33
10297.156706	6.051475	2.597593	2.329647	34
10298.144694	6.229111	2.584389	2.410284	35
10299.184784	5.668185	2.609165	2.172413	36
10300.189056	6.484457	2.580980	2.512401	37
10301.207586	5.930950	2.534820	2.339792	38
10302.232580	6.780037	2.605439	2.602263	39
10303.237866	6.647077	2.639713	2.518106	40
10304.270380	6.723584	2.637029	2.549682	41
10305.272255	6.206930	2.582781	2.403196	42
10306.306572	6.179679	2.619804	2.358832	43
10307.310567	6.049325	2.626952	2.302792	44
10308.343664	5.801038	2.622248	2.212238	45
10309.346074	5.825035	2.570608	2.266014	46
10310.379501	5.794721	2.637184	2.197314	47
10311.381407	5.952877	2.620127	2.271980	48
10312.414553	6.063539	2.602861	2.329567	49
10313.418865	5.801468	2.526502	2.296246	50
10314.441198	6.768506	2.604083	2.599190	51
10315.463398	5.905829	2.543722	2.321727	52
10316.476278	7.467540	2.639288	2.829377	53
10317.511737	5.734521	2.520873	2.274816	54
10318.493409	6.991523	2.627287	2.661118	55
10319.547910	6.651676	2.624131	2.534811	56
10320.536369	6.250021	2.642219	2.365444	57
10321.568906	7.283465	2.627995	2.771492	58
10322.588336	6.206863	2.610459	2.377691	59
10323.591922	7.395845	2.631691	2.810301	60
10324.628776	6.946311	2.640393	2.630787	61
10325.629626	6.507591	2.606658	2.496526	62
10326.650659	7.176092	2.556979	2.806472	63
10327.684459	6.331018	2.578898	2.454932	64
10328.672255	7.213430	2.621410	2.751738	65
10329.725302	6.754797	2.571857	2.626427	66
10330.710766	6.213823	2.625620	2.366612	67
10331.749157	7.417764	2.580931	2.874065	68
10332.758611	6.388748	2.591436	2.465331	69
10333.773685	7.599173	2.611609	2.909767	70
10334.805244	6.654111	2.601518	2.557781	71
10335.803796	6.730954	2.613672	2.575286	72
10336.839240	6.660415	2.602378	2.559357	73
10337.844367	6.219884	2.637583	2.358176	74
10338.872414	6.799302	2.583492	2.631827	75
10339.886809	6.461882	2.629276	2.457666	76
10340.903655	7.305461	2.582965	2.828324	77
10341.928477	6.367988	2.609094	2.440689	78
10342.933049	7.502934	2.621158	2.862450	79
10343.964717	6.159784	2.604147	2.365375	80
10344.965860	7.211379	2.624141	2.748092	81
10346.007575	6.352117	2.606715	2.436829	82
10347.003953	7.016029	2.592606	2.706168	83
10348.040052	6.216900	2.550970	2.437074	84
10349.044639	6.422405	2.571734	2.497305	85
10350.063526	5.641828	2.568190	2.196811	86
10351.093644	6.749912	2.607929	2.588226	87
10352.094064	6.053144	2.592963	2.334451	88
10353.125139	6.137197	2.597774	2.362483	89
10354.125287	7.042512	2.619858	2.688128	90
10355.158838	6.415648	2.602983	2.464729	91
10356.168388	7.061644	2.591886	2.724519	92
10357.188640	6.407900	2.635047	2.431797	93
10358.214065	6.718242	2.602373	2.581583	94
10359.211221	6.719970	2.584183	2.600423	95
10360.254043	6.886472	2.602128	2.646477	96
10361.241311	7.211178	2.547442	2.830752	97
10362.288237	6.863768	2.579569	2.660820	98
10363.282630	7.652179	2.640801	2.897674	99
10364.316706	6.581838	2.593489	2.537831	100
10365.330319	7.429231	2.617671	2.838107	101
10366.337339	7.426678	2.594580	2.862382	102
10367.370804	7.178036	2.614371	2.745607	103
10368.372263	7.360890	2.571529	2.862457	104
10369.402962	6.938925	2.610446	2.658138	105
10370.414672	7.885231	2.624810	3.004115	106
10371.429528	7.153917	2.606321	2.744834	107
10372.470716	8.074343	2.614805	3.087933	108
10373.457058	7.576396	2.627523	2.883475	109
10374.501094	7.403777	2.621242	2.824530	110
10375.491790	7.037260	2.597557	2.709184	111
10376.534607	7.023861	2.613855	2.687165	112
10377.526785	7.067983	2.641217	2.676032	113
10378.573899	6.433657	2.579804	2.493855	114
10379.570042	7.617949	2.566961	2.967692	115
10380.611168	6.499578	2.589385	2.510085	116
10381.606777	7.866059	2.608472	3.015581	117
10382.648023	6.589099	2.593581	2.540541	118
10383.633764	7.670432	2.626949	2.919901	119
10384.685757	7.031162	2.623774	2.679790	120
10385.669693	7.272577	2.585564	2.812763	121
10386.721083	7.189547	2.634026	2.729490	122
10387.706005	7.014647	2.607973	2.689693	123
10388.754226	7.388384	2.575549	2.868664	124
10389.746074	6.896696	2.616338	2.636011	125
10390.787017	7.558595	2.597859	2.909547	126
10391.784018	7.139441	2.610602	2.734787	127
10392.817425	7.565435	2.615518	2.892519	128
10393.829242	6.523644	2.608052	2.501348	129
10394.847437	7.067086	2.517397	2.807300	130
10395.874990	6.573407	2.626565	2.502663	131
10396.885922	7.615456	2.611585	2.916028	132
10397.907567	7.289090	2.634895	2.766369	133
10398.911402	7.396524	2.585888	2.860342	134
10399.937797	7.931270	2.639925	3.004354	135
10400.956824	7.219833	2.626620	2.748717	136
10401.961282	7.978428	2.594461	3.075178	137
10403.004009	6.540702	2.616643	2.499655	138
10403.990560	7.727600	2.631870	2.936163	139
10405.043555	7.325387	2.627834	2.787615	140
10406.025464	7.384345	2.563627	2.880429	141
10407.072607	7.594336	2.546495	2.982270	142
10408.066158	7.622493	2.654375	2.871672	143
10409.103534	7.916410	2.620739	3.020679	144
10410.108070	7.440060	2.599299	2.862333	145
10411.133160	7.963660	2.627476	3.030917	146
10412.151019	6.651575	2.600174	2.558127	147
10413.163041	7.794075	2.652893	2.937953	148
10414.190737	6.418245	2.604128	2.464643	149
10415.197811	7.368046	2.592695	2.841849	150
10416.229016	6.765827	2.630784	2.571792	151
10417.232852	7.513743	2.593808	2.896801	152
10418.261588	7.078160	2.622093	2.699432	153
10419.267780	7.561674	2.592782	2.916433	154
10420.296123	6.998987	2.533308	2.762786	155
10421.302193	7.974741	2.639772	3.020996	156
10422.329739	7.396538	2.597667	2.847377	157
10423.336573	8.095696	2.632268	3.075559	158
10424.361959	7.440585	2.599996	2.861768	159
10425.371259	8.277576	2.605489	3.176976	160
10426.396268	7.503321	2.607181	2.877944	161
10427.418481	8.717478	2.597407	3.356224	162
10428.428448	7.585114	2.594153	2.923927	163
10429.450964	8.311709	2.605543	3.190011	164
10430.460279	7.583864	2.605086	2.911176	165
10431.493405	7.551833	2.601786	2.902557	166
10432.488809	7.905657	2.602987	3.037149	167
10433.532873	7.059444	2.587818	2.727952	168
10434.518455	7.958551	2.575704	3.089855	169
10435.577669	7.892195	2.588670	3.048745	170
10436.557218	8.209924	2.627575	3.124526	171
10437.601267	7.429598	2.587976	2.870814	172
10438.598328	8.390628	2.600492	3.226555	173
10439.629507	7.644723	2.629313	2.907498	174
10440.643637	7.865182	2.535653	3.101837	175
10441.657369	8.080630	2.641621	3.058967	176
10442.682841	7.824523	2.628969	2.976271	177
10443.689459	8.162368	2.630223	3.103298	178
10444.719213	7.536442	2.590961	2.908745	179
10445.733792	8.888920	2.661081	3.340342	180
10446.751515	7.805792	2.628591	2.969573	181
10447.766135	8.424452	2.607029	3.231437	182
10448.785786	7.627829	2.639985	2.889346	183
10449.805520	8.191872	2.592067	3.160363	184
10450.816362	7.541637	2.598495	2.902310	185
10451.846736	7.707362	2.606671	2.956783	186
10452.850803	7.321868	2.602163	2.813763	187
10453.882448	7.448737	2.621822	2.841053	188
10454.883891	7.312928	2.604622	2.807674	189
10455.919514	7.332238	2.621088	2.797402	190
10456.922786	6.878239	2.624580	2.620701	191
10457.953263	7.534795	2.601305	2.896544	192
10458.959711	6.993654	2.576619	2.714276	193
10459.988294	7.874226	2.624568	3.000200	194
10460.996251	7.237176	2.612000	2.770741	195
10462.020108	8.109640	2.606481	3.111337	196
10463.034803	7.576982	2.655461	2.853358	197
10464.051236	8.408938	2.611226	3.220304	198
10465.073267	7.583483	2.633626	2.879484	199
10466.083616	8.436978	2.626753	3.211943	200
10467.114155	7.581987	2.625628	2.887685	201
10468.118288	8.182096	2.632298	3.108348	202
10469.149408	7.986680	2.593328	3.079703	203
10470.157408	7.909019	2.620438	3.018205	204
10471.179334	8.443729	2.618171	3.225049	205
10472.198219	7.867649	2.570959	3.060199	206
10473.209011	8.521557	2.584220	3.297535	207
10474.242380	7.417561	2.624256	2.826538	208
10475.238376	8.406077	2.587816	3.248329	209
10476.286727	7.369029	2.596720	2.837822	210
10477.269570	8.148079	2.624277	3.104885	211
10478.319725	7.872449	2.591495	3.037803	212
10479.308273	7.937991	2.617134	3.033086	213
10480.351402	8.471855	2.611841	3.243634	214
10481.343657	8.223128	2.594678	3.169229	215
10482.386848	8.148011	2.634302	3.093044	216
10483.382809	8.401232	2.639825	3.182496	217
10484.418399	8.260255	2.634742	3.135129	218
10485.421945	7.940408	2.639949	3.007788	219
10486.459235	8.677946	2.598253	3.339916	220
10487.462088	7.286962	2.627119	2.773747	221
10488.485933	8.055060	2.640237	3.050885	222
10489.498940	7.034220	2.553110	2.755157	223
10490.520096	7.993732	2.602482	3.071580	224
10491.533760	7.400336	2.608372	2.837147	225
10492.554762	7.976519	2.574115	3.098742	226
10493.567558	7.621965	2.618009	2.911360	227
