crossing time (s)	slope (V/s)	crossing number
9439.492804	2.107359	6362
9440.477265	2.423740	6363
9441.489687	1.765021	6364
9442.536547	1.874106	6365
9443.564135	2.499278	6366
9444.569002	2.632051	6367
9445.568846	2.332605	6368
9446.596999	1.906739	6369
9447.627993	2.273402	6370
9448.648772	3.157338	6371
9449.686316	3.082826	6372
9450.653490	3.581436	6373
9451.699433	3.634135	6374
9452.663889	2.533056	6375
9453.731057	3.599314	6376
9454.707002	1.734651	6377
9455.756913	2.788599	6378
9456.777828	1.880623	6379
9457.806004	2.139796	6380
9458.832188	1.977010	6381
9459.845006	2.318389	6382
9460.865585	2.328670	6383
9461.871631	2.436405	6384
9462.897950	2.367475	6385
9463.919220	2.328920	6386
9464.928259	2.926323	6387
9465.964766	2.419856	6388
9466.946696	2.711641	6389
9467.986624	2.610072	6390
9468.995486	2.771403	6391
9470.007406	3.099312	6392
9471.042920	2.831258	6393
9472.040528	2.754973	6394
9473.056156	3.031773	6395
9474.094528	2.871002	6396
9475.081463	3.076470	6397
9476.128944	3.155214	6398
9477.117253	2.615027	6399
9478.143549	3.207849	6400
9479.174256	3.301627	6401
9480.171229	2.983378	6402
9481.207835	3.037258	6403
9482.207316	2.590658	6404
9483.222200	2.717644	6405
9484.258493	2.888765	6406
9485.251609	2.881643	6407
9486.308500	3.190434	6408
9487.291671	3.165476	6409
9488.346066	2.680778	6410
9489.339023	2.987652	6411
9490.380240	2.410192	6412
9491.383615	2.821065	6413
9492.414903	2.300923	6414
9493.410513	2.714400	6415
9494.440143	2.471135	6416
9495.441192	2.612178	6417
9496.468266	2.513149	6418
9497.476478	2.552291	6419
9498.504480	2.659351	6420
9499.521969	2.956662	6421
9500.530415	2.906005	6422
9501.552483	2.717544	6423
9502.559573	2.534105	6424
9503.584515	2.596774	6425
9504.612330	2.972342	6426
9505.610596	3.079562	6427
9506.649951	2.932713	6428
9507.643438	2.428259	6429
9508.680706	2.674240	6430
9509.691814	2.991427	6431
9510.708930	3.139401	6432
9511.727259	2.915296	6433
9512.733716	2.522683	6434
9513.764472	2.620806	6435
9514.786626	2.953780	6436
9515.789611	3.275501	6437
9516.823141	3.091514	6438
9517.808855	2.697788	6439
9518.853962	3.071655	6440
9519.856602	2.266036	6441
9520.897225	2.954824	6442
9521.895905	2.973381	6443
9522.924008	3.096996	6444
9523.932974	3.438801	6445
9524.945577	3.262067	6446
9525.962801	2.994600	6447
9526.982669	2.952884	6448
9528.007669	3.137916	6449
9529.035429	2.968881	6450
9530.045395	3.194166	6451
9531.082300	2.926744	6452
9532.083667	3.324631	6453
9533.128564	2.639945	6454
9534.119971	3.225737	6455
9535.154625	2.359261	6456
9536.146934	2.853945	6457
9537.181088	2.972849	6458
9538.171804	2.648228	6459
9539.217995	3.176766	6460
9540.203118	2.928725	6461
9541.245074	3.204724	6462
9542.258164	2.884520	6463
9543.273108	2.851293	6464
9544.299006	2.674065	6465
9545.298716	2.776080	6466
9546.319882	2.950539	6467
9547.337031	2.693098	6468
9548.353796	3.043548	6469
9549.395426	2.858632	6470
9550.387619	3.080838	6471
9551.425096	2.649558	6472
9552.421418	2.476625	6473
9553.448783	2.795234	6474
9554.456998	2.566536	6475
9555.490086	3.077955	6476
9556.515016	3.154583	6477
9557.526966	3.237874	6478
9558.560446	2.645555	6479
9559.562949	2.927233	6480
9560.588101	2.496696	6481
9561.595344	2.721437	6482
9562.612432	2.543025	6483
9563.620516	2.587563	6484
9564.640914	3.008806	6485
9565.645267	2.905921	6486
9566.677382	3.395636	6487
9567.677796	3.062610	6488
9568.716913	3.425633	6489
9569.716548	3.144601	6490
9570.756871	3.575174	6491
9571.757212	3.389048	6492
9572.797551	3.459437	6493
9573.801755	3.615992	6494
9574.826755	3.606601	6495
9575.839154	3.631270	6496
9576.856494	3.554942	6497
9577.888392	3.423764	6498
9578.879061	3.532689	6499
9579.931772	3.536582	6500
9580.904063	3.252677	6501
9581.966735	3.545171	6502
9582.945799	3.547712	6503
9583.996948	3.537877	6504
9584.991885	3.309063	6505
9586.018052	3.600526	6506
9587.035474	3.762756	6507
9588.038144	3.611638	6508
9589.073627	3.560755	6509
9590.075275	3.579248	6510
9591.108739	3.516283	6511
9592.120252	3.548778	6512
9593.135195	3.781312	6513
9594.161430	3.787205	6514
9595.157504	3.578012	6515
9596.206320	3.629085	6516
9597.192124	3.360269	6517
9598.247490	3.456832	6518
9599.231109	3.175631	6519
9600.281345	3.450991	6520
9601.269421	3.375356	6521
9602.322263	3.094264	6522
9603.307767	3.399420	6523
9604.353620	3.166997	6524
9605.341611	3.163249	6525
9606.384298	3.172029	6526
9607.375817	2.852931	6527
9608.412747	3.028978	6528
9609.407590	2.872131	6529
9610.439934	3.309295	6530
9611.444901	2.889493	6531
9612.477115	3.207610	6532
9613.498658	3.173939	6533
9614.515426	3.322836	6534
9615.545384	3.056329	6535
9616.550375	3.019352	6536
9617.574318	2.706499	6537
9618.578129	2.735421	6538
9619.595132	2.975825	6539
9620.608050	2.969293	6540
9621.626324	3.347563	6541
9622.670879	3.093947	6542
9623.663695	3.503710	6543
9624.709880	2.749463	6544
9625.702681	3.080720	6545
9626.733040	2.495210	6546
9627.730290	2.914039	6547
9628.767341	3.076368	6548
9629.759468	2.759273	6549
9630.795334	3.411691	6550
9631.802413	3.421951	6551
9632.837988	3.370792	6552
9633.851018	3.319307	6553
9634.873175	3.289672	6554
9635.896461	2.992483	6555
9636.909584	3.086228	6556
9637.931224	2.686879	6557
9638.939395	2.985492	6558
9639.963731	2.746535	6559
9640.972675	2.888251	6560
9641.987164	2.836176	6561
9643.003790	3.035550	6562
9644.022992	3.081601	6563
9645.040467	3.140103	6564
9646.049982	3.143385	6565
9647.074795	3.286967	6566
9648.079114	3.301465	6567
9649.117493	3.341843	6568
9650.107903	3.057937	6569
9651.157237	3.566214	6570
9652.140442	2.973921	6571
9653.195689	3.493795	6572
9654.173766	3.173175	6573
9655.228248	3.470631	6574
9656.221548	3.283696	6575
9657.256196	3.849731	6576
9658.235795	3.169193	6577
9659.280202	3.612789	6578
9660.304433	3.531571	6579
9661.310926	3.455412	6580
9662.342631	3.565697	6581
9663.341706	3.406948	6582
9664.384615	3.713474	6583
9665.387399	3.473689	6584
9666.416125	3.532862	6585
9667.424141	3.545647	6586
9668.446411	3.757768	6587
9669.465410	3.578722	6588
9670.481918	3.569054	6589
9671.507005	3.547220	6590
9672.517429	3.471494	6591
9673.547153	3.447784	6592
9674.554010	3.248046	6593
9675.580859	2.971059	6594
9676.594327	3.033188	6595
9677.610570	3.189106	6596
9678.627049	3.106568	6597
9679.644055	2.988495	6598
9680.658450	3.009833	6599
9681.671649	2.955150	6600
9682.697212	3.022073	6601
9683.706269	3.603289	6602
9684.732803	3.176804	6603
9685.741452	3.098707	6604
9686.769307	3.148760	6605
9687.776701	3.438408	6606
9688.807096	3.374478	6607
9689.811340	3.231573	6608
9690.831078	3.162477	6609
9691.849968	3.120907	6610
9692.857694	3.282620	6611
9693.901655	3.288473	6612
9694.896199	3.239468	6613
9695.937809	2.842781	6614
9696.930959	3.068698	6615
9697.970443	2.942460	6616
9698.964709	2.918104	6617
9700.002150	2.783875	6618
9700.992299	2.912942	6619
9702.037393	3.341562	6620
9703.026186	3.006798	6621
9704.073930	3.434148	6622
9705.068087	3.416045	6623
9706.111314	3.343730	6624
9707.107097	3.270406	6625
9708.148240	3.340851	6626
9709.143442	3.261155	6627
9710.186121	3.030844	6628
9711.189533	3.267555	6629
9712.212600	3.097033	6630
9713.216973	3.067838	6631
9714.256412	3.029695	6632
9715.244573	3.156783	6633
9716.286465	3.154051	6634
9717.279635	2.991530	6635
9718.321692	3.022514	6636
9719.310693	2.895895	6637
9720.355319	2.980216	6638
9721.350464	2.958395	6639
9722.388863	3.066953	6640
9723.390148	3.056368	6641
9724.423512	3.317324	6642
9725.423106	3.158168	6643
9726.452291	3.403764	6644
9727.466490	3.164911	6645
9728.479967	3.313055	6646
9729.504550	3.465100	6647
9730.503928	3.272685	6648
9731.543244	3.442771	6649
9732.544901	3.294986	6650
9733.580033	3.472165	6651
9734.586079	3.287714	6652
9735.615727	3.480432	6653
9736.621729	3.268955	6654
9737.652713	3.582487	6655
9738.661563	3.490197	6656
9739.688960	3.344530	6657
9740.699196	3.347585	6658
9741.725128	3.274783	6659
