crossing time (s)	slope (V/s)	crossing number
6302.938170	3.187215	3492
6303.890447	3.327745	3493
6304.934150	3.007563	3494
6305.911980	1.710657	3495
6306.948643	1.756859	3496
6307.976067	0.986234	3497
6309.003524	1.227595	3498
6310.040707	1.271089	3499
6311.058364	2.144685	3500
6312.090980	2.012789	3501
6313.080908	2.933330	3502
6314.113365	2.461712	3503
6315.093874	2.649608	3504
6316.145690	2.409391	3505
6317.119247	2.081689	3506
6318.163363	1.945277	3507
6319.163607	1.662560	3508
6320.181177	1.518763	3509
6321.203808	1.541279	3510
6322.220708	1.741392	3511
6323.233068	1.499436	3512
6324.264323	1.877408	3513
6325.262244	1.908040	3514
6326.310695	2.336995	3515
6327.285024	2.205448	3516
6328.353964	2.345152	3517
6329.314764	2.186609	3518
6330.385168	2.472976	3519
6331.356744	2.358398	3520
6332.417149	2.163047	3521
6333.409463	2.121889	3522
6334.460638	1.672038	3523
6335.451164	2.311434	3524
6336.491990	1.908571	3525
6337.486872	2.085050	3526
6338.512605	1.878549	3527
6339.517487	2.065881	3528
6340.531427	1.855295	3529
6341.551952	1.950816	3530
6342.570952	1.662121	3531
6343.598151	1.663754	3532
6344.619505	1.723134	3533
6345.643054	2.146235	3534
6346.655951	2.197866	3535
6347.676489	2.001652	3536
6348.677975	2.310810	3537
6349.703720	2.330325	3538
6350.700989	2.051131	3539
6351.732403	2.113249	3540
6352.733990	2.037431	3541
6353.769006	2.139646	3542
6354.775314	1.966634	3543
6355.812198	2.191775	3544
6356.815489	2.293637	3545
6357.857752	2.315885	3546
6358.846173	2.509511	3547
6359.889095	2.551781	3548
6360.881701	2.404023	3549
6361.920887	2.381105	3550
6362.918352	2.301062	3551
6363.951742	2.183569	3552
6364.955034	2.087404	3553
6365.986117	2.095385	3554
6366.994043	2.036875	3555
6368.020973	2.229813	3556
6369.030877	2.207286	3557
6370.055262	2.290705	3558
6371.070928	2.209577	3559
6372.084706	2.402983	3560
6373.104295	2.171366	3561
6374.113135	2.306614	3562
6375.136855	2.105074	3563
6376.142273	2.149866	3564
6377.170256	2.052731	3565
6378.173576	1.970140	3566
6379.204808	2.185867	3567
6380.205886	1.965438	3568
6381.242839	2.050642	3569
6382.239381	2.130786	3570
6383.281965	2.325483	3571
6384.272854	2.037459	3572
6385.319859	2.138194	3573
6386.306605	2.265810	3574
6387.360411	2.190352	3575
6388.342439	2.200244	3576
6389.395261	2.280268	3577
6390.378697	2.250005	3578
6391.427619	1.987786	3579
6392.418528	2.160836	3580
6393.459373	1.986239	3581
6394.457115	2.091856	3582
6395.491166	2.044755	3583
6396.495130	2.008866	3584
6397.524897	1.929699	3585
6398.530551	2.170855	3586
6399.555876	1.987149	3587
6400.565251	2.055752	3588
6401.587453	2.074198	3589
6402.606600	2.093800	3590
6403.623716	2.063154	3591
6404.643087	2.158963	3592
6405.660561	2.098478	3593
6406.683993	2.102982	3594
6407.694703	2.239254	3595
6408.718446	2.261739	3596
6409.723495	2.243848	3597
6410.751895	2.086712	3598
6411.755641	2.227026	3599
6412.791331	2.379969	3600
6413.789384	2.207678	3601
6414.823792	2.234484	3602
6415.828062	2.359602	3603
6416.863870	2.296405	3604
6417.862070	2.217283	3605
6418.900227	2.277834	3606
6419.897335	2.372645	3607
6420.933994	2.155318	3608
6421.933051	2.229249	3609
6422.965738	2.305591	3610
6423.967130	2.265234	3611
6424.999614	2.167985	3612
6426.005179	2.296403	3613
6427.031570	2.269651	3614
6428.040955	2.197136	3615
6429.063658	2.371730	3616
6430.081721	2.357996	3617
6431.096581	2.318041	3618
6432.115767	1.918239	3619
6433.128250	2.159742	3620
6434.151286	2.192961	3621
6435.158387	2.135997	3622
6436.185784	2.014614	3623
6437.187420	2.056172	3624
6438.223181	2.144166	3625
6439.218542	2.234422	3626
6440.258961	2.228874	3627
6441.253199	2.111202	3628
6442.296695	2.197636	3629
6443.291221	2.174985	3630
6444.334958	2.321321	3631
6445.324721	2.137368	3632
6446.374262	2.158007	3633
6447.362643	2.320837	3634
6448.408168	1.864709	3635
6449.397780	2.109204	3636
6450.443125	2.214545	3637
6451.433966	1.804121	3638
6452.472420	2.017317	3639
6453.470760	2.406505	3640
6454.499906	1.973499	3641
6455.505623	2.025802	3642
6456.535400	2.152078	3643
6457.543280	2.206640	3644
6458.568804	2.025695	3645
6459.578459	2.203227	3646
6460.601833	1.852307	3647
6461.618653	2.140853	3648
6462.636920	2.297380	3649
6463.654448	2.245166	3650
6464.669555	2.138059	3651
6465.692873	2.089150	3652
6466.703760	2.264941	3653
6467.729681	2.309378	3654
6468.737129	2.153056	3655
6469.765437	2.228118	3656
6470.771847	2.378837	3657
6471.801037	2.296749	3658
6472.803269	2.204570	3659
6473.836214	2.382763	3660
6474.838224	2.383532	3661
6475.872269	2.361035	3662
6476.873017	2.280508	3663
6477.907939	2.241369	3664
6478.909276	2.381873	3665
6479.943223	2.291863	3666
6480.945878	2.318570	3667
6481.974733	2.151449	3668
6482.981446	2.301829	3669
6484.009384	2.389175	3670
6485.018072	2.387705	3671
6486.040401	2.243188	3672
6487.054342	2.273528	3673
6488.075373	2.273952	3674
6489.091099	2.281983	3675
6490.106347	2.370523	3676
6491.124348	2.105773	3677
6492.138641	2.346873	3678
6493.161611	2.202337	3679
6494.170206	2.256640	3680
6495.195305	2.142826	3681
6496.202091	2.279532	3682
6497.233115	2.263689	3683
6498.237859	2.277966	3684
6499.267012	2.259079	3685
6500.267796	2.393212	3686
6501.305985	2.188550	3687
6502.300039	2.306468	3688
6503.343958	2.253873	3689
6504.336527	2.209403	3690
6505.378715	2.135971	3691
6506.370258	2.333935	3692
6507.411984	2.169846	3693
6508.406003	2.170196	3694
6509.447581	2.231497	3695
6510.444096	2.209546	3696
6511.481054	2.141843	3697
6512.477024	2.097979	3698
6513.516401	2.346005	3699
6514.516256	2.077650	3700
6515.547074	2.094783	3701
6516.550207	2.320803	3702
6517.579987	2.082199	3703
6518.588881	2.149420	3704
6519.612098	2.126892	3705
6520.628004	2.305468	3706
6521.648235	2.111935	3707
6522.663432	2.142261	3708
6523.683164	2.098052	3709
6524.702216	2.230207	3710
6525.716555	2.247607	3711
6526.738415	2.296932	3712
6527.749739	2.148171	3713
6528.775004	2.260527	3714
6529.783699	2.312945	3715
6530.809193	2.398387	3716
6531.816936	2.221769	3717
6532.845666	2.120874	3718
6533.850096	2.245532	3719
6534.880927	2.384631	3720
6535.884262	2.234838	3721
6536.915793	2.120020	3722
6537.921684	2.339590	3723
6538.953544	2.323646	3724
6539.956343	2.287247	3725
6540.985425	2.235131	3726
6541.990996	2.405265	3727
6543.022640	2.180263	3728
6544.026505	2.251384	3729
6545.053342	2.290532	3730
6546.062720	2.293074	3731
6547.085599	2.375587	3732
6548.099418	2.284900	3733
6549.120889	2.289819	3734
6550.136032	2.215443	3735
6551.152546	2.177897	3736
6552.171921	2.325615	3737
6553.184529	2.295490	3738
6554.210280	2.266994	3739
6555.216454	2.244312	3740
6556.243903	2.223348	3741
6557.250151	2.123588	3742
6558.278462	2.152464	3743
6559.281034	2.091326	3744
6560.315530	2.169399	3745
6561.314851	2.015047	3746
6562.350357	2.183745	3747
6563.347421	2.336547	3748
6564.385354	2.202883	3749
6565.383119	2.220637	3750
6566.421801	2.112559	3751
6567.417410	2.205748	3752
6568.457991	2.231057	3753
6569.454062	2.148005	3754
6570.494026	2.104660	3755
6571.490667	2.150774	3756
6572.526727	2.151700	3757
6573.529143	2.229260	3758
6574.561170	2.143339	3759
6575.564856	2.134986	3760
6576.593561	2.122871	3761
6577.604930	2.350428	3762
6578.626715	2.086209	3763
6579.640450	2.227220	3764
6580.660367	2.088775	3765
6581.676137	2.140741	3766
6582.695556	2.290831	3767
6583.714288	2.185045	3768
6584.729335	2.164233	3769
6585.749187	2.206659	3770
6586.762362	2.197152	3771
6587.786366	2.397485	3772
6588.796180	2.392780	3773
6589.820963	2.132142	3774
6590.831061	2.217021	3775
6591.858612	2.329526	3776
6592.863845	2.307720	3777
6593.893080	2.124106	3778
6594.898752	2.277516	3779
6595.929762	2.209153	3780
6596.936146	2.287674	3781
6597.963710	2.350023	3782
6598.968957	2.281431	3783
6599.997014	2.222431	3784
6601.005683	2.207868	3785
6602.032583	2.321537	3786
6603.040485	2.286534	3787
6604.067350	2.228982	3788
6605.075782	2.252276	3789
6606.100854	2.291108	3790
6607.112969	2.281294	3791
6608.132746	2.303883	3792
6609.147823	2.299762	3793
6610.166487	2.501004	3794
6611.183160	2.101784	3795
6612.199029	2.123583	3796
6613.220207	2.136035	3797
6614.230862	2.251900	3798
6615.255752	2.223184	3799
6616.263023	2.224253	3800
6617.293056	2.041886	3801
6618.297319	2.142350	3802
6619.329708	2.260920	3803
6620.331458	2.199781	3804
6621.366459	2.109300	3805
6622.363809	2.134057	3806
6623.401914	2.236465	3807
6624.399994	2.125277	3808
6625.437753	2.146876	3809
6626.434807	2.223592	3810
6627.473248	2.225731	3811
6628.473544	2.079341	3812
