time (s)	theta (A)	maj axis/z0	min axis/z0	crossing#mod 255
6303.907251	211.301041	0.664826	0.270154	165
6305.939858	210.489075	0.663759	0.267878	167
6307.980982	210.175446	0.662197	0.265734	169
6310.023360	210.209198	0.661195	0.263098	171
6312.063315	209.757477	0.660543	0.262171	173
6314.099612	208.884628	0.660110	0.262194	175
6316.137963	208.275070	0.659110	0.261730	177
6318.171746	207.803955	0.659154	0.261977	179
6320.203368	207.665894	0.659297	0.259881	181
6322.240644	207.552750	0.659540	0.257823	183
6324.278562	207.420441	0.658365	0.257043	185
6326.316092	207.099228	0.658337	0.256133	187
6328.352211	206.837875	0.658327	0.255358	189
6330.385047	206.930283	0.658873	0.253468	191
6332.418904	207.275558	0.659451	0.251464	193
6334.453121	207.760712	0.660878	0.249414	195
6336.485503	208.190506	0.660699	0.246889	197
6338.516543	208.660492	0.660541	0.245197	199
6340.544640	209.041214	0.661280	0.245110	201
6342.577766	209.628235	0.660140	0.243119	203
6344.612804	210.340240	0.660041	0.241487	205
6346.646028	210.726395	0.660570	0.240547	207
6348.676997	210.840240	0.659711	0.239779	209
6350.709149	210.744568	0.659373	0.238351	211
6352.742543	210.960587	0.657943	0.237320	213
6354.779190	211.164413	0.656911	0.235854	215
6356.815044	211.371353	0.657029	0.234960	217
6358.849017	211.298935	0.657270	0.233867	219
6360.883883	211.157791	0.656819	0.231809	221
6362.920005	210.914246	0.655122	0.230167	223
6364.955802	210.739212	0.653272	0.228049	225
6366.992737	210.460373	0.653431	0.226913	227
6369.029303	210.149017	0.653018	0.225697	229
6371.068279	209.726395	0.652917	0.223351	231
6373.105971	209.502014	0.651599	0.220851	233
6375.142699	209.014359	0.651803	0.221060	235
6377.179863	208.581558	0.651809	0.220513	237
6379.216446	208.349457	0.651106	0.219782	239
6381.253302	208.085083	0.651307	0.218883	241
6383.289391	207.999557	0.651099	0.217739	243
6385.325472	207.873596	0.651741	0.217028	245
6387.361552	207.690323	0.651776	0.215951	247
6389.396112	207.733795	0.651546	0.214530	249
6391.429814	207.898544	0.651904	0.213578	251
6393.463523	208.130127	0.652259	0.212228	253
6395.495978	208.337799	0.651211	0.211128	255
6397.528901	208.642197	0.651471	0.209679	1
6399.560521	208.942535	0.651166	0.207801	3
6401.592727	209.436615	0.651017	0.206093	5
6403.624992	209.926239	0.651175	0.205110	7
6405.658477	210.336914	0.651182	0.204345	9
6407.692093	210.686340	0.650418	0.204620	11
6409.724361	210.779968	0.649098	0.205335	13
6411.757927	210.879807	0.648903	0.205857	15
6413.792470	210.922165	0.650196	0.204564	17
6415.828197	211.016617	0.649795	0.203439	19
6417.862667	31.066685	-0.649240	-0.201141	21
6419.897586	211.081833	0.648312	0.200083	23
6421.933694	210.908035	0.648759	0.199076	25
6423.968417	210.767303	0.648232	0.198529	27
6426.005680	210.583908	0.648009	0.197780	29
6428.041873	210.262253	0.648103	0.196577	31
6430.080192	209.855972	0.646960	0.196232	33
6432.117072	209.534973	0.646797	0.194567	35
6434.154655	209.192780	0.645410	0.193738	37
6436.191825	208.868698	0.645149	0.193697	39
6438.230561	208.509369	0.645442	0.192907	41
6440.266222	208.151520	0.645269	0.192554	43
6442.302533	208.091293	0.645427	0.192926	45
6444.338913	207.920593	0.645515	0.191792	47
6446.374923	207.949860	0.644591	0.190116	49
6448.409332	208.030060	0.645418	0.188466	51
6450.444401	208.255035	0.644587	0.186641	53
6452.476713	208.387909	0.644719	0.185174	55
6454.508355	208.635590	0.644905	0.184078	57
6456.541862	208.668747	0.646728	0.183953	59
6458.573346	208.928360	0.648301	0.184015	61
6460.606299	209.249969	0.646913	0.182718	63
6462.638844	209.656296	0.647423	0.182375	65
6464.670768	209.890244	0.648264	0.181917	67
6466.703831	210.219116	0.649231	0.182172	69
6468.737046	210.445496	0.648515	0.180400	71
6470.770900	210.550171	0.647928	0.179159	73
6472.804959	210.649429	0.648083	0.178748	75
6474.839558	210.674713	0.648782	0.177843	77
6476.874667	210.674240	0.649232	0.177839	79
6478.909923	210.494156	0.648322	0.176912	81
6480.945295	210.340073	0.648712	0.175441	83
6482.980808	210.204422	0.647602	0.173503	85
6485.017518	209.933380	0.647639	0.172112	87
6487.053666	209.762054	0.647408	0.170767	89
6489.091096	209.516357	0.647495	0.169735	91
6491.126890	209.115936	0.647400	0.168481	93
6493.164649	208.759598	0.647611	0.167308	95
6495.201357	208.426910	0.647495	0.166968	97
6497.238652	208.073166	0.648095	0.166168	99
6499.274251	207.977142	0.647576	0.164993	101
6501.311359	207.767715	0.646948	0.164159	103
6503.347533	207.657990	0.647200	0.162484	105
6505.382137	207.682968	0.647460	0.161945	107
6507.416717	207.671646	0.647741	0.161046	109
6509.451432	27.820839	-0.646574	-0.159367	111
6511.485297	27.801088	-0.646680	-0.158325	113
6513.519535	27.938997	-0.647870	-0.157671	115
6515.551964	28.144096	-0.647260	-0.156271	117
6517.584268	28.328424	-0.647577	-0.155261	119
6519.616889	208.645737	0.648203	0.154126	121
6521.649907	208.903015	0.647460	0.154182	123
6523.682910	209.150070	0.647326	0.153928	125
6525.716159	209.370483	0.645433	0.152276	127
6527.749359	209.598587	0.644784	0.150806	129
6529.783371	209.661545	0.644043	0.149865	131
6531.816735	29.753681	-0.642896	-0.148415	133
6533.850831	209.768433	0.642609	0.147314	135
6535.885519	209.951401	0.642039	0.146163	137
6537.920846	209.987061	0.641799	0.144514	139
6539.956478	210.027466	0.641251	0.143089	141
6541.991189	209.929810	0.640961	0.142746	143
6544.026992	209.792618	0.641705	0.142053	145
6546.063395	209.500549	0.641664	0.141077	147
6548.100068	29.212055	-0.641296	-0.140174	149
6550.137228	29.061012	-0.641540	-0.138807	151
6552.174434	28.743532	-0.641320	-0.137658	153
6554.211983	28.493515	-0.641943	-0.136905	155
6556.248729	28.383797	-0.641353	-0.135880	157
6558.284351	28.232071	-0.641989	-0.135484	159
6560.320862	208.046783	0.640689	0.134718	161
6562.356733	28.077414	-0.639839	-0.134358	163
6564.391107	27.905277	-0.639363	-0.134235	165
6566.426623	27.856627	-0.638664	-0.132806	167
6568.460905	27.898611	-0.639236	-0.130102	169
6570.496184	27.952951	-0.639753	-0.128447	171
6572.529905	28.074011	-0.640419	-0.127711	173
6574.564211	28.211655	-0.641438	-0.126428	175
6576.597966	28.458681	-0.641391	-0.124532	177
6578.630755	28.674656	-0.641099	-0.123841	179
6580.663930	28.862419	-0.639768	-0.122619	181
6582.696778	29.148251	-0.639880	-0.121889	183
6584.730209	29.249075	-0.640673	-0.120668	185
6586.763495	29.435570	-0.638772	-0.119774	187
6588.797416	29.486549	-0.639556	-0.119666	189
6590.830984	29.558245	-0.639418	-0.119204	191
6592.865599	29.512684	-0.640221	-0.119281	193
6594.899844	29.596048	-0.638774	-0.117431	195
6596.935401	29.524427	-0.638069	-0.116369	197
6598.969905	29.406786	-0.638327	-0.115543	199
6601.006001	29.257359	-0.638153	-0.114259	201
6603.041456	29.230013	-0.638063	-0.112769	203
6605.076927	29.146166	-0.637194	-0.112387	205
6607.114259	28.946051	-0.636808	-0.111029	207
6609.149739	28.913532	-0.635393	-0.110577	209
6611.186675	28.773710	-0.634858	-0.109510	211
6613.223385	28.628952	-0.634536	-0.108635	213
6615.260181	28.450958	-0.634114	-0.108419	215
6617.297242	28.256643	-0.633910	-0.107414	217
6619.333916	28.237406	-0.633951	-0.106526	219
6621.370242	28.001167	-0.633597	-0.107058	221
6623.406449	27.794388	-0.634484	-0.106476	223
6625.441720	27.825130	-0.634447	-0.105745	225
6627.476820	27.818987	-0.634081	-0.104330	227
