crossing time (s)	slope (V/s)	crossing number
5522.685788	1.177746	2735
5523.719398	1.672232	2736
5524.746261	1.628072	2737
5525.774217	0.657380	2738
5526.779720	1.421312	2739
5527.680506	2.033650	2740
5528.815465	2.270418	2741
5529.707276	2.119762	2742
5530.863950	1.089432	2743
5531.815942	2.633961	2744
5532.883695	0.947225	2745
5533.870728	1.988390	2746
5534.891586	0.989418	2747
5535.899306	1.395374	2748
5536.904058	0.747058	2749
5537.928609	1.095778	2750
5538.919515	0.783740	2751
5539.946225	0.874129	2752
5540.949170	1.330383	2753
5541.984792	1.097316	2754
5543.012188	1.271687	2755
5544.042524	0.855579	2756
5545.056073	1.042939	2757
5546.059732	0.918832	2758
5547.084373	1.060427	2759
5548.116114	1.502443	2760
5549.138662	0.740724	2761
5550.145764	1.577833	2762
5551.162348	1.182588	2763
5552.189730	1.479762	2764
5553.201881	1.933216	2765
5554.226396	1.093253	2766
5555.226792	1.304227	2767
5556.233842	1.878516	2768
5557.293896	1.295621	2769
5558.242652	1.978692	2770
5559.301050	1.481490	2771
5560.298602	1.409163	2772
5561.303368	1.833124	2773
5562.354584	1.626496	2774
5563.346929	1.573078	2775
5564.387254	1.421259	2776
5565.396000	1.313076	2777
5566.391940	1.701909	2778
5567.441493	1.660893	2779
5568.409024	1.664334	2780
5569.490853	1.440756	2781
5570.441357	1.890013	2782
5571.539786	1.510371	2783
5572.465409	1.895525	2784
5573.566371	1.782501	2785
5574.502242	1.779159	2786
5575.584637	1.762765	2787
5576.558892	1.573671	2788
5577.610521	1.397965	2789
5578.602969	1.507430	2790
5579.641038	1.329403	2791
5580.637861	1.633904	2792
5581.655669	1.307363	2793
5582.681069	1.399093	2794
5583.701173	1.378053	2795
5584.736315	1.272825	2796
5585.738904	1.469867	2797
5586.762770	1.255462	2798
5587.778002	1.245185	2799
5588.786037	1.752949	2800
5589.835385	1.073464	2801
5590.823865	1.831795	2802
5591.850927	1.294522	2803
5592.871689	1.453852	2804
5593.883975	1.692512	2805
5594.926229	1.553930	2806
5595.917867	1.756027	2807
5596.938765	1.371127	2808
5597.960319	1.411179	2809
5598.959055	1.831547	2810
5600.021486	1.378127	2811
5600.960178	2.091027	2812
5602.045085	1.314578	2813
5603.039230	1.892515	2814
5604.075181	1.332916	2815
5605.089142	1.631271	2816
5606.102919	1.692624	2817
5607.130199	1.776077	2818
5608.107914	2.125136	2819
5609.147294	1.792364	2820
5610.137036	1.811922	2821
5611.182491	1.657202	2822
5612.173405	1.478114	2823
5613.210349	1.515939	2824
5614.221962	1.383217	2825
5615.244290	1.457685	2826
5616.271157	1.402813	2827
5617.279992	1.934727	2828
5618.322176	1.447224	2829
5619.301791	1.959272	2830
5620.358884	1.184925	2831
5621.334432	2.038291	2832
5622.388557	1.449245	2833
5623.370603	1.652572	2834
5624.418028	1.782011	2835
5625.436748	1.988362	2836
5626.435353	1.502496	2837
5627.473911	1.298670	2838
5628.466250	1.992441	2839
5629.493155	1.841272	2840
5630.519593	1.714204	2841
5631.503172	1.997561	2842
5632.564981	1.385845	2843
5633.536713	1.755162	2844
5634.602927	1.476107	2845
5635.560493	1.671199	2846
5636.626032	1.815664	2847
5637.606935	1.728081	2848
5638.641130	1.894677	2849
5639.666653	1.634185	2850
5640.669891	1.670666	2851
5641.704490	1.453236	2852
5642.699897	1.462505	2853
5643.731667	1.555728	2854
5644.729021	1.468411	2855
5645.767250	1.684819	2856
5646.766710	1.606814	2857
5647.805987	1.637225	2858
5648.801746	1.574566	2859
5649.848300	1.817292	2860
5650.839992	1.754564	2861
5651.891316	1.680465	2862
5652.871081	1.737037	2863
5653.925815	1.694453	2864
5654.914104	1.623564	2865
5655.957170	1.343348	2866
5656.956736	1.724820	2867
5657.981706	1.436719	2868
5658.992421	1.427191	2869
5660.001647	1.600134	2870
5661.037774	1.567336	2871
5662.023978	1.593927	2872
5663.084828	1.341641	2873
5664.070411	1.673350	2874
5665.122135	1.276643	2875
5666.108899	1.449451	2876
5667.138421	1.279699	2877
5668.152872	1.419306	2878
5669.167106	1.584950	2879
5670.206057	1.370466	2880
5671.207076	1.564710	2881
5672.235542	1.260159	2882
5673.241359	1.430810	2883
5674.263457	1.222277	2884
5675.280952	1.467885	2885
5676.286211	1.388574	2886
5677.326473	1.442084	2887
5678.309369	1.780270	2888
5679.368116	1.457026	2889
5680.360137	1.882146	2890
5681.390695	1.605451	2891
5682.381626	1.636595	2892
5683.421536	1.397189	2893
5684.416439	1.281226	2894
5685.447567	1.472810	2895
5686.442829	1.369357	2896
5687.483162	1.693459	2897
5688.467762	1.361879	2898
5689.531874	1.881735	2899
5690.494371	1.464657	2900
5691.572299	1.641007	2901
5692.527390	1.737684	2902
5693.617448	1.861000	2903
5694.574369	1.648374	2904
5695.630420	1.765097	2905
5696.622118	1.458149	2906
5697.650607	1.626049	2907
5698.659020	1.520712	2908
5699.673181	1.599745	2909
5700.708637	1.683920	2910
5701.699159	1.702396	2911
5702.757382	1.729789	2912
5703.742527	1.587472	2913
5704.785523	1.748307	2914
5705.791363	1.455660	2915
5706.801252	1.795232	2916
5707.833052	1.626037	2917
5708.817770	1.519761	2918
5709.886021	1.717279	2919
5710.847072	1.710977	2920
5711.928190	1.670291	2921
5712.887410	1.684938	2922
5713.954822	1.728999	2923
5714.931762	1.549070	2924
5715.975336	1.736055	2925
5716.969026	1.437542	2926
5718.001103	1.670224	2927
5719.009330	1.547313	2928
5720.032049	1.584586	2929
5721.050363	1.412415	2930
5722.069241	1.688836	2931
5723.090394	1.728636	2932
5724.103127	1.652794	2933
5725.127904	1.471443	2934
5726.143153	1.586210	2935
5727.153143	1.501521	2936
5728.177103	1.647500	2937
5729.186646	1.458598	2938
5730.220802	1.621180	2939
5731.219491	1.402570	2940
5732.259844	1.473447	2941
5733.247291	1.499312	2942
5734.307557	1.536391	2943
5735.282142	1.655324	2944
5736.336424	1.512212	2945
5737.319449	1.505099	2946
5738.355918	1.431222	2947
5739.361146	1.548110	2948
5740.385696	1.256192	2949
5741.408870	1.533675	2950
5742.419613	1.542358	2951
5743.451801	1.538052	2952
5744.449795	1.600888	2953
5745.481893	1.358449	2954
5746.487324	1.436896	2955
5747.511896	1.451435	2956
5748.518187	1.579606	2957
5749.541357	1.309230	2958
5750.553626	1.478305	2959
5751.570222	1.456509	2960
5752.599846	1.802309	2961
5753.603526	1.319187	2962
5754.634125	1.551810	2963
5755.629322	1.441876	2964
5756.675185	1.603214	2965
5757.667265	1.352866	2966
5758.713476	1.636732	2967
5759.693495	1.645663	2968
5760.745824	1.658236	2969
5761.735458	1.446425	2970
5762.777453	1.602369	2971
5763.779939	1.814615	2972
5764.808761	1.445020	2973
5765.815890	1.314032	2974
5766.837373	1.417102	2975
5767.854379	1.330215	2976
5768.860287	1.608033	2977
5769.887375	1.469989	2978
5770.889293	1.487514	2979
5771.925093	1.603863	2980
5772.922866	1.585519	2981
5773.970419	1.732283	2982
5774.968086	1.692330	2983
5775.989703	1.571801	2984
5777.008014	1.473616	2985
5778.015454	1.636357	2986
5779.042794	1.379554	2987
5780.038716	1.456993	2988
5781.092813	1.619808	2989
5782.065591	1.404557	2990
5783.139840	1.750957	2991
5784.103191	1.452597	2992
5785.186196	1.619153	2993
5786.132888	1.562057	2994
5787.213199	1.524239	2995
5788.179947	1.664248	2996
5789.239613	1.513623	2997
5790.214697	1.389166	2998
5791.270138	1.470546	2999
5792.254184	1.586014	3000
5793.305429	1.475757	3001
5794.288937	1.502005	3002
5795.339573	1.682636	3003
5796.318920	1.409733	3004
5797.377003	1.595372	3005
5798.351761	1.455845	3006
5799.414221	1.739692	3007
5800.385695	1.441007	3008
5801.450941	1.611510	3009
5802.415322	1.485939	3010
5803.490539	1.617236	3011
5804.453593	1.586985	3012
5805.525640	1.482312	3013
5806.497387	1.630273	3014
5807.544753	1.398402	3015
5808.546964	1.585523	3016
5809.569802	1.540951	3017
5810.595420	1.644931	3018
5811.594797	1.623418	3019
5812.634754	1.498852	3020
5813.629593	1.635134	3021
5814.676504	1.582440	3022
5815.668657	1.655060	3023
5816.706721	1.373251	3024
5817.705191	1.544207	3025
5818.732456	1.413736	3026
5819.741161	1.444484	3027
5820.762166	1.352047	3028
5821.776191	1.369779	3029
5822.790145	1.312587	3030
5823.806861	1.520187	3031
5824.815485	1.333396	3032
5825.839540	1.588189	3033
5826.854349	1.488817	3034
5827.874466	1.563044	3035
5828.889049	1.544683	3036
5829.909321	1.689233	3037
5830.933908	1.520992	3038
5831.947165	1.646509	3039
5832.978444	1.631475	3040
5833.978921	1.580982	3041
5835.015103	1.459190	3042
5836.012540	1.696579	3043
5837.054239	1.506258	3044
