crossing time (s)	slope (V/s)	crossing number
8321.859467	0.371853	5417
8322.861618	0.622839	5418
8323.891132	0.623626	5419
8324.926862	0.455714	5420
8325.935671	0.749946	5421
8326.947321	1.104040	5422
8327.959590	0.740919	5423
8328.995822	1.402781	5424
8330.024479	0.740902	5425
8331.049028	1.562475	5426
8332.060503	1.271020	5427
8333.065536	1.454050	5428
8334.065535	1.153228	5429
8335.074806	1.344482	5430
8336.086590	0.951153	5431
8337.106374	0.985241	5432
8338.124760	0.773834	5433
8339.151415	1.267945	5434
8340.186851	0.857753	5435
8341.175192	1.464518	5436
8342.210128	1.136876	5437
8343.229324	0.837920	5438
8344.234465	1.327405	5439
8345.275128	1.281479	5440
8346.279289	0.985616	5441
8347.267701	1.489760	5442
8348.335035	1.595501	5443
8349.293181	1.260186	5444
8350.315275	1.292779	5445
8351.348600	1.600240	5446
8352.359695	1.209988	5447
8353.364875	1.153352	5448
8354.414213	1.668807	5449
8355.406443	1.153140	5450
8356.417914	1.226377	5451
8357.464931	1.521332	5452
8358.482145	1.335234	5453
8359.457740	1.530402	5454
8360.542517	1.273331	5455
8361.520206	1.224473	5456
8362.535790	1.618530	5457
8363.589185	1.555628	5458
8364.557887	1.414480	5459
8365.626201	1.587591	5460
8367.615795	1.454968	5461
8368.673768	1.316829	5462
8369.638757	1.163941	5463
8370.712666	1.496480	5464
8371.683663	1.432886	5465
8372.752589	1.047638	5466
8373.721947	1.426946	5467
8374.792835	0.997548	5468
8375.757301	1.895433	5469
8376.832197	1.017620	5470
8377.774433	1.780408	5471
8378.840714	1.531287	5472
8379.819569	1.624220	5473
8380.847543	1.452750	5474
8381.897186	1.632280	5475
8382.866066	1.660526	5476
8383.930913	1.604292	5477
8384.914004	1.580478	5478
8385.917078	1.404502	5479
8386.992292	1.444769	5480
8387.938006	1.269711	5481
8389.022248	1.536966	5482
8389.995070	1.512370	5483
8391.009336	1.356842	5484
8392.075242	1.673304	5485
8393.053061	1.497729	5486
8394.063437	1.103997	5487
8395.126721	1.417594	5488
8396.085144	1.236924	5489
8398.146211	1.374018	5490
8399.160892	1.094230	5491
8400.210223	1.329952	5492
8401.193394	1.393703	5493
8402.236688	1.445240	5494
8403.245493	1.426756	5495
8404.240233	1.131880	5496
8405.304828	1.349814	5497
8406.258284	1.240578	5498
8407.355681	1.362382	5499
8408.294112	1.284584	5500
8410.337795	1.170534	5501
8412.383316	1.161121	5502
8413.442423	1.139817	5503
8414.428165	1.323060	5504
8415.486153	0.959144	5505
8416.449870	1.487866	5506
8417.522049	0.891866	5507
8418.483981	1.393207	5508
8419.541096	1.012782	5509
8420.536765	1.102425	5510
8421.568082	1.346731	5511
8422.595876	1.274910	5512
8423.575732	1.483469	5513
8424.637213	1.163563	5514
8426.649515	1.503186	5515
8428.637276	1.321946	5516
8429.736498	1.293718	5517
8431.754705	1.466785	5518
8433.737904	1.424403	5519
8434.812803	1.505140	5520
8436.819605	1.652189	5521
8438.821324	1.219117	5522
8440.850076	1.121339	5523
8441.947292	1.360164	5524
8442.882564	1.198658	5525
8443.977162	1.247575	5526
8444.928142	1.273554	5527
8445.989448	1.218362	5528
8446.980407	1.069962	5529
8448.015885	1.003434	5530
8449.034109	0.823702	5531
8450.054128	1.067807	5532
8451.061899	1.009287	5533
8452.089911	1.319932	5534
8453.076181	0.970927	5535
8454.125412	1.439975	5536
8455.101663	0.990404	5537
8456.178043	1.457383	5538
8457.123345	1.005252	5539
8458.225945	1.236823	5540
8459.159198	1.237579	5541
8461.214468	1.189201	5542
8463.265327	1.386061	5543
8464.265027	1.260341	5544
8465.325957	1.540019	5545
8466.303893	1.349330	5546
8468.358196	1.306519	5547
8469.347860	0.888717	5548
8471.371002	1.052427	5549
8473.414729	1.190605	5550
8475.463221	1.123926	5551
8476.482908	0.972620	5552
8477.514777	1.423693	5553
8478.505753	1.096092	5554
8479.573497	1.488941	5555
8480.548576	1.275688	5556
8482.591943	1.310096	5557
8483.637204	1.198564	5558
8484.629721	1.309241	5559
8486.663944	1.344069	5560
8488.694395	1.249522	5561
8490.720250	1.258671	5562
8491.765139	0.971596	5563
8492.755821	1.071969	5564
8493.802943	1.199614	5565
8494.779511	0.999736	5566
8495.839435	1.348831	5567
8497.862763	1.261969	5568
8499.879531	1.250468	5569
8501.905066	1.206444	5570
8503.924656	1.107526	5571
8505.023189	1.193398	5572
8507.029487	1.213352	5573
8509.036021	1.256353	5574
8511.062206	1.197710	5575
8512.125048	1.298048	5576
8514.152096	1.293023	5577
8516.166196	1.012851	5578
8518.190714	1.149458	5579
8520.219969	1.024334	5580
8522.261022	1.218268	5581
8524.288021	1.389730	5582
8526.321892	1.389685	5583
8528.358276	1.270975	5584
8530.391212	1.354783	5585
8532.436144	1.299010	5586
8534.487762	1.140878	5587
8536.539131	0.997288	5588
8538.581930	1.043045	5589
8539.549498	1.228622	5590
8541.598461	1.187370	5591
8543.653106	1.122899	5592
8550.734869	0.884759	5593
8552.785339	1.126334	5594
8554.825472	1.374817	5595
8556.874459	1.181094	5596
8558.910037	1.284650	5597
8560.947801	1.233706	5598
8562.983800	1.150160	5599
8565.012332	1.059297	5600
8567.042382	1.266872	5601
8569.071601	1.188951	5602
8571.090077	1.167552	5603
8573.107484	1.153867	5604
8576.228532	1.136475	5605
8578.250459	0.924666	5606
8580.269609	1.235805	5607
8582.290416	1.196131	5608
8585.373145	1.069504	5609
8587.401941	1.132779	5610
8589.433734	1.079176	5611
8591.458485	1.100937	5612
8593.483966	1.148505	5613
8595.518567	0.900038	5614
8597.545861	1.186059	5615
8599.589229	1.265365	5616
8601.628033	1.316551	5617
8603.669376	1.294142	5618
8605.717575	1.143907	5619
8610.773503	0.887942	5620
8621.944918	1.115938	5621
8623.991252	1.115385	5622
